treatment,BaselineSteps,PostSteps,StepChange
0,21396,63511,42115
0,21340,37460,16120
0,23912,59136,35224
0,16862,59292,42430
1,147738,167895,20157
0,18780,49811,31031
1,41930,80323,38393
1,28993,63707,34714
0,78382,127817,49435
1,58500,81081,22581
0,99417,149211,49794
0,93231,98047,4816
0,83443,105094,21651
0,22008,26486,4478
0,27950,59514,31564
0,67589,100475,32886
0,32753,76724,43971
1,33044,70775,37731
0,104857,109961,5104
0,121699,137849,16150
1,16094,45489,29395
1,78182,122739,44557
0,21735,58693,36958
1,47473,68971,21498
0,121416,123661,2245
0,13604,31750,18146
0,125000,139801,14801
1,40463,70095,29632
1,34823,78262,43439
1,120296,137162,16866
1,79173,125933,46760
0,110372,142100,31728
1,26017,60347,34330
1,149000,177873,28873
1,15939,17025,1086
0,23949,27990,4041
0,119260,143890,24630
1,31600,33172,1572
1,80000,96440,16440
0,119420,162182,42762
0,91532,119830,28298
0,120927,130538,9611
1,116843,143167,26324
0,53962,98112,44150
1,67059,105702,38643
1,117216,118351,1135
1,43792,91238,47446
0,13781,54459,40678
1,42064,49235,7171
0,145271,167129,21858
1,58545,95608,37063
1,26545,52377,25832
1,50388,98369,47981
1,108263,132557,24294
1,40711,82311,41600
1,105099,139843,34744
1,37776,51717,13941
0,189000,197565,8565
1,144593,174019,29426
1,94162,112348,18186
1,78704,109065,30361
0,59970,89440,29470
0,86465,123221,36756
0,61791,94082,32291
0,73000,90287,17287
0,125683,163995,38312
0,194677,198762,4085
0,23929,30565,6636
1,140000,150928,10928
1,45000,65534,20534
0,14418,28096,13678
1,15643,60317,44674
0,73166,103756,30590
1,62500,90815,28315
0,42537,82832,40295
0,49732,87637,37905
1,68511,108435,39924
0,121183,133548,12365
1,108698,152103,43405
1,29783,64198,34415
1,96000,131817,35817
1,24091,28451,4360
0,55733,70102,14369
1,127000,165152,38152
1,130000,137606,7606
1,75409,81093,5684
0,61099,89389,28290
0,101658,136696,35038
1,140184,170694,30510
0,36169,59997,23828
0,41684,83436,41752
1,65359,81621,16262
1,167566,181690,14124
0,186740,207838,21098
1,25000,64152,39152
1,87892,126909,39017
0,69946,115257,45311
0,56136,96505,40369
1,50468,99285,48817
1,44668,67176,22508
1,57316,76622,19306
1,61424,97120,35696
0,111069,155135,44066
1,91258,103454,12196
0,160251,166627,6376
0,20500,36127,15627
1,11241,38298,27057
0,43191,56235,13044
0,16588,48888,32300
0,54860,66734,11874
1,96985,141240,44255
1,73811,116476,42665
1,94000,139018,45018
1,59179,67495,8316
1,88737,103166,14429
0,15883,53595,37712
0,85430,102716,17286
0,79651,115410,35759
0,94055,111152,17097
1,87122,106098,18976
1,88030,137644,49614
1,106250,121128,14878
0,85754,94842,9088
0,177719,212591,34872
0,49013,68209,19196
1,88658,99301,10643
0,27229,34091,6862
0,51767,89619,37852
0,37638,70445,32807
1,23701,55902,32201
0,56800,65906,9106
1,112557,127465,14908
0,24130,34746,10616
0,97695,122888,25193
0,45443,85022,39579
1,153379,156774,3395
1,80000,91432,11432
1,94000,108311,14311
0,17851,37494,19643
0,109111,112790,3679
1,38409,73694,35285
0,89927,106207,16280
1,54000,87917,33917
1,36200,84843,48643
0,50112,91739,41627
0,75340,122725,47385
0,17259,20872,3613
1,26400,59788,33388
0,94678,106982,12304
1,68336,69348,1012
0,74956,106491,31535
1,36631,74814,38183
0,28047,37187,9140
0,124622,163215,38593
0,75919,105895,29976
1,33800,56736,22936
0,60085,74514,14429
1,180729,203634,22905
1,15138,29016,13878
1,17284,32912,15628
1,62315,96245,33930
0,37600,73833,36233
1,40000,45721,5721
1,10196,39044,28848
1,18953,37064,18111
0,63602,97404,33802
1,63600,110370,46770
1,67507,87153,19646
1,65980,104295,38315
0,50646,86640,35994
1,23213,49047,25834
0,88797,97380,8583
1,61415,83697,22282
0,32663,48844,16181
1,126994,141997,15003
0,51205,98064,46859
0,82291,119431,37140
0,185718,195924,10206
0,75642,94148,18506
1,63275,72883,9608
0,84780,110838,26058
0,74007,77015,3008
0,66782,112613,45831
1,128503,165168,36665
0,16910,31340,14430
1,75813,95068,19255
0,55170,99166,43996
0,81000,127399,46399
1,101313,105928,4615
1,79771,115333,35562
1,18834,35961,17127
1,98319,147607,49288
0,91289,112307,21018
0,78946,109800,30854
0,126940,151587,24647
1,119373,151859,32486
0,181507,192554,11047
0,40538,74941,34403
0,118309,134879,16570
0,130248,154030,23782
0,160578,178701,18123
1,70810,109296,38486
1,55000,93963,38963
0,96944,109908,12964
1,51843,52074,231
1,67114,71020,3906
1,52878,100716,47838
0,53635,88337,34702
0,103548,106436,2888
0,124399,127841,3442
1,23000,36643,13643
0,15033,39732,24699
0,153619,197589,43970
1,61501,69975,8474
1,125832,132087,6255
0,33092,52002,18910
1,83573,108301,24728
1,32518,77697,45179
1,74650,91119,16469
0,25070,42994,17924
0,15490,18116,2626
1,36000,80431,44431
0,87831,90183,2352
1,12000,16762,4762
0,16287,42941,26654
0,63949,110881,46932
1,22552,63768,41216
0,85833,132736,46903
0,29466,50665,21199
0,19525,19720,195
1,95000,128625,33625
1,49340,74498,25158
1,86052,105313,19261
0,70000,118465,48465
1,180000,206797,26797
0,15031,43239,28208
0,69438,76270,6832
1,95000,114444,19444
0,22009,44787,22778
1,37573,55850,18277
1,111013,120209,9196
1,133556,144897,11341
1,88149,124474,36325
0,92264,92710,446
0,48795,95386,46591
1,74000,76766,2766
1,17042,35653,18611
1,122909,163225,40316
0,85472,132388,46916
0,68601,83651,15050
0,58701,91946,33245
0,57658,88770,31112
0,51352,85295,33943
0,53764,70606,16842
1,33417,59752,26335
0,80223,112940,32717
0,93216,118199,24983
0,51054,80935,29881
1,112484,154782,42298
0,86000,131981,45981
0,28916,43113,14197
0,67000,72551,5551
0,28410,30072,1662
1,39203,41527,2324
1,130081,146239,16158
1,79158,103979,24821
0,13405,30197,16792
0,50880,90723,39843
0,10738,60577,49839
0,103136,109084,5948
0,13401,13435,34
0,57734,80781,23047
0,30687,60837,30150
0,50751,76259,25508
1,62508,91575,29067
1,86943,132888,45945
1,59220,83592,24372
1,27000,49976,22976
1,19303,51884,32581
0,55091,100462,45371
0,49352,85870,36518
0,60081,98846,38765
1,45000,64047,19047
1,81877,109837,27960
1,126451,176134,49683
1,105663,137021,31358
1,194770,232729,37959
1,59230,80215,20985
0,164132,202271,38139
1,142471,172366,29895
1,188688,197094,8406
0,106629,109234,2605
1,66000,80338,14338
1,54778,90188,35410
0,68826,113082,44256
1,55152,97142,41990
1,73507,75575,2068
1,16140,58117,41977
0,140694,143900,3206
1,74000,100732,26732
1,41203,87570,46367
1,150792,170680,19888
0,84920,87973,3053
0,29325,67441,38116
0,163538,212114,48576
1,40366,64559,24193
0,31500,32896,1396
1,10307,19790,9483
1,76674,84503,7829
1,34000,45366,11366
0,155750,169405,13655
1,57000,106260,49260
1,116140,145201,29061
1,112000,129079,17079
1,83436,121126,37690
1,29530,52362,22832
1,135741,158572,22831
0,78706,115809,37103
1,140581,167764,27183
1,40727,47378,6651
1,31094,52408,21314
0,67544,70788,3244
1,119547,124356,4809
0,30521,74420,43899
1,19884,45284,25400
0,28482,62784,34302
1,12817,31278,18461
0,35293,41122,5829
0,184251,207277,23026
0,74624,105254,30630
1,60049,62124,2075
1,17000,39480,22480
1,103000,118672,15672
0,24712,63922,39210
1,98980,120776,21796
0,52312,56689,4377
0,124771,160453,35682
1,60000,90971,30971
0,83118,110667,27549
1,135514,183033,47519
1,56000,95261,39261
0,63640,73813,10173
1,70807,102624,31817
1,43935,79123,35188
0,57471,83206,25735
1,57343,105126,47783
1,86024,121354,35330
0,111023,126050,15027
0,55619,61204,5585
0,70619,75232,4613
0,83866,112668,28802
1,31026,53379,22353
1,50451,52603,2152
0,149040,173350,24310
0,92255,127196,34941
0,16665,47710,31045
0,37914,40800,2886
0,64063,111737,47674
0,174000,190309,16309
1,30078,68431,38353
1,22668,60776,38108
1,49520,63203,13683
1,65641,99294,33653
1,50206,66021,15815
1,28500,55046,26546
0,108668,126066,17398
1,121446,134330,12884
1,46356,55026,8670
1,65000,85462,20462
0,37562,46841,9279
0,51442,101127,49685
0,132352,158088,25736
1,79448,84471,5023
0,119160,167842,48682
1,76724,114698,37974
0,163325,196484,33159
1,47900,82509,34609
0,64885,84589,19704
1,10553,26214,15661
1,100131,118517,18386
0,114503,121297,6794
1,40681,49036,8355
0,60829,66243,5414
0,49620,59504,9884
0,160242,198831,38589
1,19000,32088,13088
0,17934,37904,19970
0,113091,127912,14821
1,127039,144415,17376
1,59000,85230,26230
1,170095,175156,5061
0,27281,38224,10943
0,94367,131333,36966
1,30200,67726,37526
0,43699,47174,3475
0,167289,193307,26018
0,36428,60667,24239
0,11183,58342,47159
0,46625,65756,19131
0,128922,133045,4123
0,29358,45645,16287
1,28528,72313,43785
0,12987,47768,34781
1,20630,66498,45868
0,22106,27210,5104
0,69226,94767,25541
0,10155,16855,6700
1,165670,200555,34885
1,35000,77533,42533
0,33923,53765,19842
0,44836,53984,9148
1,11640,56518,44878
1,89000,126481,37481
0,21353,61527,40174
1,58858,68684,9826
0,35213,48925,13712
0,136355,140915,4560
1,125000,134563,9563
0,72805,99513,26708
1,155755,161873,6118
0,25300,46929,21629
0,69443,115999,46556
1,60767,87891,27124
0,12339,48554,36215
1,91085,103576,12491
0,80019,125767,45748
1,64882,108122,43240
0,44465,74060,29595
1,20649,31329,10680
1,25000,54206,29206
0,32876,74944,42068
1,100462,119060,18598
1,46180,75462,29282
1,85099,117159,32060
1,22079,57179,35100
0,46763,63089,16326
0,61406,76405,14999
0,80350,85612,5262
0,108683,111819,3136
0,156325,197836,41511
1,31212,71663,40451
1,17982,61435,43453
0,37256,51441,14185
1,15000,19135,4135
1,44000,72988,28988
0,69691,80587,10896
0,38572,48322,9750
0,109145,124647,15502
1,39931,42992,3061
1,38000,71754,33754
0,37251,75495,38244
0,20810,48081,27271
1,106747,121788,15041
1,18520,64606,46086
0,69971,84704,14733
1,68470,110099,41629
0,76227,113656,37429
0,66426,113584,47158
1,78984,92713,13729
1,117184,149819,32635
1,110000,148923,38923
0,96055,123653,27598
1,24561,26201,1640
1,139673,179679,40006
0,33300,82080,48780
1,147426,193377,45951
1,81500,125886,44386
0,132367,173972,41605
1,12014,33649,21635
0,11569,39444,27875
0,91833,115105,23272
1,64972,67097,2125
1,82139,112827,30688
0,34107,57071,22964
0,17868,40476,22608
0,29030,50419,21389
0,43343,70262,26919
0,27132,73738,46606
0,56229,91356,35127
1,22054,25074,3020
1,43000,75672,32672
0,30825,43184,12359
1,35000,63599,28599
0,135517,164118,28601
0,14133,21506,7373
1,31948,66744,34796
1,70000,112112,42112
1,141395,165486,24091
0,81031,115035,34004
1,38036,39109,1073
0,58895,85567,26672
0,70155,89265,19110
0,120099,126592,6493
0,65134,110175,45041
0,51305,56027,4722
0,53676,54319,643
0,65662,83466,17804
0,132352,148363,16011
0,76191,117339,41148
1,133000,163394,30394
1,45110,88130,43020
0,16874,66794,49920
1,37000,56508,19508
0,21596,39227,17631
1,34656,69803,35147
0,10042,31985,21943
0,70214,115329,45115
0,71000,71250,250
0,31523,54123,22600
0,120183,133105,12922
0,80873,104130,23257
0,56000,84416,28416
0,153540,176514,22974
0,44608,50318,5710
1,32168,47138,14970
1,50000,97950,47950
0,67563,75570,8007
1,27232,49183,21951
1,141362,186709,45347
1,84808,128717,43909
0,117565,130569,13004
0,102483,105998,3515
1,24732,66971,42239
0,50687,53634,2947
1,67500,88070,20570
1,75601,124924,49323
0,110034,140801,30767
1,44669,45104,435
1,137455,147947,10492
0,145956,157408,11452
0,186700,211285,24585
0,76721,95633,18912
0,132000,171255,39255
0,163473,207062,43589
0,42643,43347,704
1,84707,110388,25681
0,197077,197221,144
1,13484,17177,3693
1,56594,66112,9518
0,64740,90116,25376
0,12295,21467,9172
1,180423,198864,18441
0,48572,84652,36080
0,128625,146914,18289
0,43033,79987,36954
0,49086,74417,25331
1,65924,111787,45863
0,49198,52146,2948
0,54000,102877,48877
1,105153,123932,18779
0,91611,134032,42421
0,90198,121919,31721
0,118813,136671,17858
0,67346,112256,44910
0,138455,148952,10497
1,75246,80511,5265
1,138000,158964,20964
0,14967,62502,47535
0,112780,160241,47461
0,29213,39416,10203
0,48316,89958,41642
1,101604,130982,29378
1,168296,205475,37179
1,80000,100252,20252
0,60422,98810,38388
1,26543,40077,13534
1,18368,47458,29090
1,82231,97040,14809
1,177548,210393,32845
0,91893,100780,8887
0,88426,101910,13484
0,60991,76898,15907
0,63672,71383,7711
1,58087,89178,31091
1,155557,183243,27686
0,129933,174090,44157
1,45172,94767,49595
0,116891,159254,42363
0,99600,116146,16546
0,102937,151137,48200
1,12452,21986,9534
0,58826,73695,14869
0,35740,56039,20299
0,16938,34262,17324
1,98000,105296,7296
1,103000,107907,4907
0,56787,95429,38642
0,129995,172078,42083
1,30000,76754,46754
1,97000,146547,49547
1,29000,62200,33200
0,45352,50963,5611
1,50000,85950,35950
1,37000,48482,11482
1,16505,53178,36673
1,147000,149275,2275
1,87300,125035,37735
1,118836,146019,27183
1,52635,91350,38715
1,167146,198150,31004
0,16877,62522,45645
1,91950,120041,28091
1,170477,212541,42064
1,49604,97674,48070
0,79989,101095,21106
0,125806,174628,48822
0,143000,190072,47072
0,54708,71764,17056
1,73595,95209,21614
0,126497,173748,47251
0,16779,54749,37970
0,49464,96647,47183
0,51798,93420,41622
1,11308,37039,25731
0,47100,82388,35288
0,119000,134205,15205
1,24326,32061,7735
0,48803,73810,25007
1,34000,38375,4375
0,66939,74524,7585
0,126274,173857,47583
1,60598,82048,21450
1,51777,63826,12049
1,18023,55771,37748
0,87939,106298,18359
0,67950,97822,29872
1,28770,60142,31372
0,41327,67172,25845
1,125124,156586,31462
0,58337,100107,41770
1,151932,154854,2922
1,27300,64590,37290
1,34191,67498,33307
0,101763,148711,46948
0,96874,136614,39740
1,88744,125159,36415
0,54374,61251,6877
1,30309,78637,48328
0,115793,163484,47691
0,81054,104748,23694
0,44179,92589,48410
0,55585,65357,9772
0,125733,155883,30150
1,16000,26129,10129
1,147993,177380,29387
0,69268,83068,13800
0,177314,208386,31072
0,89658,105114,15456
0,148800,153727,4927
1,164830,184518,19688
0,107877,146944,39067
1,35400,52054,16654
1,79120,86479,7359
1,101625,148134,46509
1,51108,54145,3037
0,48238,49987,1749
0,53376,77999,24623
0,80216,125872,45656
1,98000,113416,15416
1,14231,37341,23110
0,70199,94847,24648
0,143856,153355,9499
1,28898,75563,46665
0,150245,158190,7945
0,53000,96755,43755
1,22187,59104,36917
1,39421,86447,47026
1,17483,43374,25891
1,42850,53297,10447
0,12077,45705,33628
1,91915,116493,24578
0,145060,174237,29177
0,10638,43801,33163
1,23544,63384,39840
1,138339,168282,29943
1,36411,67575,31164
0,63168,88734,25566
0,34406,37998,3592
0,14419,48890,34471
1,77800,120010,42210
0,112458,151857,39399
0,104668,114241,9573
0,28222,61418,33196
0,58053,72028,13975
1,32164,61017,28853
1,101710,131910,30200
1,42000,52355,10355
1,69938,92817,22879
1,31116,31460,344
1,100770,107802,7032
1,140087,155246,15159
1,121978,164568,42590
1,190200,206440,16240
0,84673,109415,24742
0,102934,135617,32683
0,37247,48737,11490
0,80904,109481,28577
0,65148,74203,9055
0,142095,181669,39574
1,19921,60392,40471
1,97390,144709,47319
1,48000,91803,43803
1,27098,64287,37189
1,34000,80594,46594
0,45483,58735,13252
0,10991,54484,43493
1,24000,65047,41047
0,25254,58214,32960
1,102584,113854,11270
0,38000,60559,22559
0,27930,41209,13279
0,28979,36025,7046
1,84351,101023,16672
1,83656,133219,49563
0,35325,46850,11525
0,101841,137488,35647
0,66956,101441,34485
1,69250,88233,18983
1,30807,63127,32320
0,91512,111211,19699
0,75529,108517,32988
1,145315,161342,16027
0,32659,78615,45956
1,129000,172496,43496
0,81662,103469,21807
1,17107,44948,27841
0,59795,63083,3288
0,49789,84347,34558
0,13281,48498,35217
0,146050,176373,30323
1,88000,97542,9542
0,108851,132323,23472
1,54043,88716,34673
1,94016,123820,29804
1,35207,47209,12002
0,33845,59233,25388
1,63765,99045,35280
0,30179,41131,10952
0,67949,109584,41635
0,159390,178119,18729
0,90918,128650,37732
0,69084,111877,42793
0,66158,89254,23096
0,15809,45184,29375
0,23376,71200,47824
1,43249,86956,43707
1,116884,143301,26417
1,36500,61396,24896
1,99056,103546,4490
1,86500,114872,28372
1,29872,63146,33274
1,20000,69245,49245
1,55542,101550,46008
0,11354,19794,8440
1,94216,106469,12253
1,70106,100691,30585
1,67776,107579,39803
1,80683,128464,47781
0,71534,94985,23451
1,40792,42574,1782
1,62756,108714,45958
1,112837,119603,6766
1,45325,62914,17589
0,24845,40275,15430
0,47700,50203,2503
0,30437,70421,39984
1,50000,88857,38857
1,90800,124459,33659
1,157013,190877,33864
1,43688,69788,26100
1,77631,114259,36628
1,68758,116427,47669
0,18022,43719,25697
0,78920,90020,11100
0,133594,159960,26366
1,132084,132689,605
1,62000,83388,21388
1,72000,119425,47425
1,40158,89628,49470
0,103010,112472,9462
0,42588,63932,21344
0,35000,51803,16803
0,88391,136860,48469
0,19709,56829,37120
1,73506,88294,14788
0,74397,82749,8352
0,136278,163419,27141
0,66210,87575,21365
0,132801,136641,3840
0,109711,133692,23981
1,83909,131587,47678
1,28350,49114,20764
0,43958,61421,17463
1,148000,186206,38206
0,163138,197851,34713
0,59113,83748,24635
1,12200,22755,10555
1,60000,102828,42828
0,92859,113147,20288
0,135273,182819,47546
0,39517,53246,13729
0,10859,45378,34519
1,38347,42286,3939
0,183399,228101,44702
0,161904,169336,7432
0,110693,114637,3944
0,22463,42696,20233
1,137000,158779,21779
1,45000,89182,44182
0,40362,88628,48266
1,15280,24024,8744
1,58000,88551,30551
0,35609,68357,32748
0,177924,208669,30745
0,76682,116307,39625
1,150215,154398,4183
0,54124,82902,28778
0,44048,62203,18155
1,50649,68060,17411
0,89822,135661,45839
1,10909,53868,42959
0,68339,99946,31607
0,48391,82353,33962
1,167976,169590,1614
0,167136,170069,2933
0,14691,27718,13027
0,50353,97545,47192
1,91859,127243,35384
0,38206,83287,45081
0,66282,88314,22032
1,21000,26664,5664
0,81579,106153,24574
0,31091,34053,2962
1,23354,60750,37396
1,30600,34045,3445
0,41306,89486,48180
1,68374,110741,42367
1,79633,123044,43411
1,28130,47081,18951
0,37914,68965,31051
0,128048,175791,47743
0,101208,129896,28688
0,47929,78058,30129
0,96797,116614,19817
1,71389,77010,5621
0,131890,157899,26009
1,49632,81705,32073
1,68833,87830,18997
1,156070,189392,33322
0,22629,61311,38682
1,62973,101627,38654
0,196503,244948,48445
1,58900,86312,27412
0,23892,72709,48817
0,33760,53049,19289
0,31478,34021,2543
0,79096,111157,32061
0,99915,134142,34227
0,126000,149724,23724
1,37172,74306,37134
1,56385,89091,32706
1,54489,78755,24266
1,55419,99450,44031
1,120000,168446,48446
0,128534,153216,24682
1,71697,105393,33696
0,24589,47006,22417
0,36492,45840,9348
0,122198,138716,16518
0,27071,67338,40267
1,23000,50109,27109
0,112367,149252,36885
1,64632,105880,41248
0,21335,49317,27982
0,138877,149902,11025
1,63810,83472,19662
1,73653,92317,18664
0,124369,172018,47649
0,92887,129712,36825
1,47347,52408,5061
1,75714,119552,43838
1,80182,121994,41812
1,63678,67665,3987
0,17860,55376,37516
1,168594,208943,40349
1,40001,76149,36148
1,43188,54577,11389
1,82345,94705,12360
1,53036,79545,26509
1,19194,30390,11196
1,32418,37720,5302
0,61834,77913,16079
1,38287,86995,48708
1,64503,90685,26182
1,54302,82135,27833
1,162206,170451,8245
0,61447,107537,46090
1,16064,64404,48340
0,74757,107676,32919
1,58131,60435,2304
0,42829,54745,11916
1,21045,30985,9940
0,68794,104140,35346
1,40825,85717,44892
0,37137,58732,21595
0,24641,72523,47882
1,95516,108080,12564
0,105505,155443,49938
0,16208,21361,5153
1,51002,90116,39114
1,88696,109766,21070
0,80663,95501,14838
0,23627,47761,24134
0,154312,199859,45547
1,43441,44799,1358
1,83489,130508,47019
0,88925,137658,48733
1,66539,99105,32566
1,74059,94130,20071
0,86017,121863,35846
0,60590,99749,39159
0,12078,33846,21768
1,11322,38863,27541
1,57268,93094,35826
0,94262,95409,1147
0,105097,141564,36467
0,73373,100468,27095
0,112750,156423,43673
1,119105,159373,40268
0,65010,102366,37356
1,67285,85941,18656
1,70912,95248,24336
1,41000,45519,4519
1,63000,96651,33651
0,67510,84756,17246
1,20000,64568,44568
0,122281,134543,12262
1,12718,26578,13860
0,48630,72165,23535
0,73000,88439,15439
0,30173,36463,6290
1,54404,69749,15345
1,80299,90350,10051
1,49000,54101,5101
1,129620,141380,11760
0,36117,83607,47490
1,15714,59058,43344
0,102898,110040,7142
1,41079,68357,27278
0,21459,39114,17655
1,21783,23089,1306
1,53600,96196,42596
0,36057,36762,705
0,60000,64299,4299
0,35823,60145,24322
0,17176,60722,43546
1,35679,82375,46696
0,114740,146569,31829
0,109000,110896,1896
0,78870,84411,5541
1,62969,68139,5170
1,21006,51787,30781
0,182429,208990,26561
1,155840,161249,5409
0,21860,41678,19818
0,54475,87233,32758
0,50900,91988,41088
1,51655,71597,19942
1,42500,90782,48282
1,102012,102041,29
0,132911,157287,24376
0,120900,143968,23068
0,18438,18718,280
0,60814,109365,48551
1,49864,70665,20801
0,94580,106437,11857
1,34041,64578,30537
1,72586,97310,24724
1,185000,195732,10732
0,60571,72611,12040
0,42562,62699,20137
0,130669,173560,42891
0,130579,161680,31101
1,139249,165112,25863
1,114452,163448,48996
1,48337,77532,29195
0,50350,56530,6180
1,65294,106512,41218
1,121165,169646,48481
0,57094,84436,27342
0,113995,131484,17489
0,67142,67604,462
0,150300,154181,3881
1,25999,72837,46838
0,175238,178202,2964
1,34094,63092,28998
1,80173,115992,35819
0,176805,178487,1682
1,17890,56584,38694
1,51781,64426,12645
0,58885,80929,22044
0,69697,89959,20262
1,82398,122405,40007
1,37000,52365,15365
1,41894,88357,46463
1,44109,79668,35559
1,90550,107924,17374
0,189764,226424,36660
0,76675,125679,49004
1,96421,144221,47800
1,28000,61555,33555
0,48300,77749,29449
0,74054,81142,7088
1,42820,45113,2293
1,29500,64010,34510
1,52000,76269,24269
0,164334,195366,31032
0,12200,22134,9934
0,19623,23794,4171
0,133895,179791,45896
0,57352,96274,38922
1,58918,75349,16431
1,130000,149248,19248
1,63376,72859,9483
0,199508,224495,24987
0,178188,225749,47561
0,73980,80861,6881
1,46000,66004,20004
1,100322,126216,25894
0,176849,226418,49569
0,129492,165696,36204
0,82263,125664,43401
1,45582,79964,34382
0,158971,184491,25520
0,50274,75029,24755
0,63025,97519,34494
1,98075,117891,19816
0,15326,37817,22491
1,29451,48349,18898
0,152459,186337,33878
1,70000,83749,13749
1,83664,127645,43981
1,120000,153262,33262
0,119789,141358,21569
1,50020,62785,12765
0,35562,67937,32375
0,99603,116858,17255
0,33788,39801,6013
0,197242,212848,15606
0,10646,21683,11037
0,127954,173673,45719
0,77726,103858,26132
0,27321,28094,773
1,76000,80753,4753
0,31015,65778,34763
0,36504,67822,31318
0,55738,76532,20794
0,63038,108624,45586
1,132749,182310,49561
1,37000,51395,14395
1,73776,114880,41104
1,66067,86423,20356
0,127685,151363,23678
0,61635,86602,24967
0,56403,95019,38616
1,13000,13210,210
1,70000,100883,30883
0,73306,105238,31932
0,74756,85956,11200
1,70161,119119,48958
1,42075,69597,27522
0,49035,52301,3266
1,76108,112553,36445
0,47670,87998,40328
0,14870,17292,2422
0,130426,166734,36308
1,72000,100763,28763
0,27764,62812,35048
0,65984,115004,49020
0,148500,155598,7098
1,56000,104418,48418
1,49420,81842,32422
0,10429,22730,12301
0,55386,93401,38015
0,95233,135107,39874
1,80027,128643,48616
1,14000,62351,48351
0,30890,31635,745
1,26765,34853,8088
1,52454,97002,44548
0,140794,143642,2848
1,52443,69516,17073
1,39414,47681,8267
1,70973,113596,42623
1,40084,51425,11341
0,124957,127178,2221
1,30000,74452,44452
1,121000,158922,37922
0,84639,95261,10622
0,189075,227839,38764
0,46361,58343,11982
1,180683,202357,21674
1,74520,88440,13920
1,163937,190585,26648
1,31387,63556,32169
1,15632,46452,30820
1,62587,64811,2224
0,111531,144757,33226
1,31997,39903,7906
1,15000,60622,45622
1,14263,26873,12610
0,122258,122621,363
0,172524,206990,34466
1,34102,39741,5639
0,32140,62936,30796
0,35616,67154,31538
0,41003,49113,8110
1,56600,86856,30256
0,154361,196795,42434
0,124836,167832,42996
1,65543,69505,3962
1,25783,44134,18351
0,26132,27198,1066
0,72289,74085,1796
1,74786,93882,19096
0,112949,136010,23061
1,38534,76217,37683
0,182235,208106,25871
0,35977,50297,14320
0,101872,131052,29180
1,42346,68892,26546
1,22000,59291,37291
0,74336,77221,2885
1,47500,94129,46629
0,141960,180014,38054
0,87330,114786,27456
0,47778,69358,21580
1,114000,149139,35139
1,131140,149502,18362
1,48847,61034,12187
0,42978,49895,6917
0,76993,79867,2874
0,83346,129330,45984
1,47252,81341,34089
0,57378,97044,39666
0,12200,20557,8357
0,15025,39009,23984
1,41728,81409,39681
1,121000,164278,43278
0,32128,56261,24133
0,74408,104941,30533
1,18258,66989,48731
1,54298,57655,3357
0,137424,167582,30158
1,65000,93706,28706
1,69526,91144,21618
0,66520,74887,8367
1,42000,64569,22569
0,76000,106727,30727
1,49975,64256,14281
0,161924,182991,21067
0,63678,83274,19596
1,44000,63450,19450
0,42123,63905,21782
0,131990,151687,19697
0,92175,133115,40940
1,66457,106165,39708
1,36739,63241,26502
0,80500,104906,24406
0,149331,197684,48353
0,129747,143662,13915
1,58625,89469,30844
1,33785,43817,10032
0,108949,137808,28859
0,125515,170132,44617
1,137112,145727,8615
1,17000,25071,8071
1,60000,105961,45961
0,46097,95235,49138
0,11481,22214,10733
1,128392,143297,14905
0,26873,29205,2332
1,33955,50957,17002
0,48506,53653,5147
1,54850,83333,28483
0,36781,39591,2810
0,57199,77070,19871
1,47095,89390,42295
0,17358,32574,15216
0,102370,137175,34805
1,37570,46380,8810
0,56527,62173,5646
1,70188,93102,22914
1,30978,32301,1323
0,176439,211358,34919
1,89125,138860,49735
1,44106,77715,33609
0,38945,75684,36739
1,55000,80891,25891
0,13748,32157,18409
0,24369,45866,21497
1,60295,61504,1209
1,20800,26462,5662
1,30380,53992,23612
0,60195,107097,46902
0,32499,46449,13950
1,36000,57542,21542
1,60000,102755,42755
0,59289,100893,41604
0,21272,65652,44380
0,57500,103763,46263
0,52418,89746,37328
1,34970,48412,13442
0,11724,26375,14651
1,25845,34211,8366
1,107865,148318,40453
1,176999,203150,26151
1,75000,88106,13106
0,101595,149475,47880
1,175000,185183,10183
0,147998,168644,20646
1,163985,173048,9063
0,86220,107213,20993
0,34795,80407,45612
0,46754,80255,33501
1,84039,129394,45355
1,21902,51899,29997
1,112034,145931,33897
1,60948,82450,21502
0,129141,132328,3187
1,81411,93842,12431
0,66642,88970,22328
1,59213,72985,13772
0,30893,56891,25998
0,147231,177646,30415
1,45000,47540,2540
1,135000,136381,1381
0,47883,52560,4677
1,78504,94228,15724
0,190836,210222,19386
0,88901,132957,44056
1,89000,96581,7581
0,117375,127440,10065
0,23167,30634,7467
0,17363,55351,37988
1,80645,129152,48507
1,15933,35944,20011
1,33924,61079,27155
1,130010,141839,11829
0,42068,44912,2844
0,39968,72031,32063
1,153792,194845,41053
1,14180,62411,48231
1,65389,113314,47925
1,18410,66554,48144
1,26937,71382,44445
0,38941,43559,4618
1,52749,54973,2224
0,41696,60321,18625
1,127094,161910,34816
1,47817,79519,31702
0,46350,58115,11765
1,42172,59737,17565
0,12157,47857,35700
0,188000,224367,36367
1,140000,151584,11584
1,26903,51880,24977
0,100204,118995,18791
0,12017,37729,25712
0,142521,148142,5621
0,22789,44361,21572
1,81524,98321,16797
1,17055,59258,42203
0,95122,117330,22208
0,79641,88662,9021
0,29106,47970,18864
1,139584,160803,21219
0,120000,165615,45615
0,16413,46025,29612
0,96144,130507,34363
0,142424,154095,11671
1,67796,97298,29502
0,93247,95310,2063
0,45356,86293,40937
0,45562,53673,8111
0,105100,151755,46655
1,119000,165169,46169
0,39908,83839,43931
1,42046,90974,48928
0,136875,151024,14149
0,103620,144834,41214
1,38548,81884,43336
1,23642,31504,7862
0,44084,46195,2111
1,53384,68517,15133
0,24118,33838,9720
0,116966,155520,38554
0,31117,45400,14283
1,54518,62793,8275
0,20141,25896,5755
1,115280,127264,11984
0,100774,105011,4237
0,48144,74395,26251
0,63201,71566,8365
0,18223,65083,46860
0,184592,205610,21018
1,69999,86001,16002
1,68400,87184,18784
0,72973,116284,43311
0,158798,177531,18733
0,125989,161019,35030
1,110444,119571,9127
1,75000,88991,13991
1,124000,130918,6918
0,137137,157633,20496
1,56213,61762,5549
1,118597,133552,14955
0,138000,140093,2093
1,90000,91312,1312
1,40155,79218,39063
1,48998,72053,23055
0,11399,14209,2810
0,83262,92155,8893
0,119498,124931,5433
0,40535,48522,7987
0,93201,99164,5963
0,177399,193685,16286
0,48678,72686,24008
0,86806,122980,36174
0,134160,143344,9184
1,69401,103067,33666
1,27727,70503,42776
0,110800,157587,46787
1,66219,103656,37437
0,96636,110220,13584
1,75646,89940,14294
0,26223,65102,38879
0,15229,31826,16597
0,11871,43825,31954
1,12668,62516,49848
0,180600,205471,24871
1,11502,42237,30735
0,162828,180246,17418
0,42930,80428,37498
1,14701,54497,39796
0,108452,127128,18676
0,54948,104466,49518
1,31775,49929,18154
0,95651,120154,24503
1,100222,120240,20018
1,39661,60807,21146
1,72485,116512,44027
1,79250,102814,23564
1,72305,88500,16195
1,73716,107099,33383
1,57697,62646,4949
1,23385,58990,35605
0,32981,65529,32548
0,28039,34433,6394
0,90289,109580,19291
0,35927,49042,13115
0,90030,101540,11510
1,23000,64866,41866
0,19900,31376,11476
0,94625,138526,43901
1,45987,78960,32973
0,13395,35213,21818
0,190841,202650,11809
1,98000,132428,34428
0,14313,16162,1849
0,59375,104592,45217
1,75357,86086,10729
0,184693,220836,36143
0,104500,139205,34705
1,52408,54852,2444
1,60000,61392,1392
1,91000,137039,46039
1,33500,34033,533
1,50460,55763,5303
0,115797,129724,13927
1,33339,69558,36219
1,14732,59943,45211
0,103752,140260,36508
0,12500,34585,22085
0,56389,82966,26577
0,99722,135359,35637
0,51833,100533,48700
0,77681,85469,7788
0,111096,141632,30536
0,18255,19824,1569
0,21245,58573,37328
0,41084,78227,37143
0,45496,64668,19172
1,44027,66993,22966
1,54000,85708,31708
0,12742,16921,4179
0,53300,58143,4843
0,185707,213235,27528
1,66212,76519,10307
1,14106,22280,8174
1,30000,36783,6783
1,133775,182048,48273
0,107299,110905,3606
1,57343,82872,25529
0,123255,160958,37703
0,120829,136179,15350
0,149204,195536,46332
1,16433,38025,21592
1,44409,80458,36049
1,14130,53087,38957
1,98280,108795,10515
1,27753,42317,14564
0,81313,116695,35382
0,33124,63956,30832
0,84809,131802,46993
0,72832,93015,20183
1,12642,50923,38281
1,81000,105538,24538
1,65987,87783,21796
0,17997,37989,19992
0,40139,74490,34351
0,69736,102641,32905
0,62210,63994,1784
0,23608,32230,8622
0,12759,21653,8894
1,62512,84623,22111
0,107800,118027,10227
0,14166,29022,14856
0,13444,61816,48372
1,107122,109016,1894
1,100319,122801,22482
0,150720,168141,17421
1,65508,92532,27024
1,39373,48189,8816
1,67617,88505,20888
0,162240,179341,17101
1,81426,96491,15065
0,78451,100718,22267
0,121762,137652,15890
1,112487,152980,40493
0,50868,87973,37105
0,40806,85977,45171
1,69980,84743,14763
1,166000,191417,25417
1,22665,40970,18305
0,31313,31583,270
0,44312,58977,14665
0,20181,52157,31976
1,120052,168381,48329
1,94235,140908,46673
0,151195,160370,9175
0,13304,31940,18636
1,126394,128022,1628
1,60000,82712,22712
0,83715,95819,12104
0,154019,200727,46708
0,127241,171700,44459
0,140952,155247,14295
0,45296,68837,23541
1,90000,132472,42472
0,17884,55997,38113
0,39412,80682,41270
0,54200,101044,46844
1,52158,67704,15546
1,101000,140542,39542
0,118955,122221,3266
0,62338,63327,989
0,124756,132510,7754
0,114284,126745,12461
1,154242,177649,23407
1,93965,141616,47651
1,71640,95033,23393
0,128199,138355,10156
1,24790,52050,27260
1,68123,107096,38973
0,29873,66165,36292
1,53501,92765,39264
1,104345,110620,6275
1,56857,92069,35212
0,188259,200761,12502
1,31000,51989,20989
1,15872,40586,24714
1,116703,146106,29403
0,47438,69672,22234
0,24164,40088,15924
1,60985,96715,35730
0,188763,216467,27704
0,38675,74953,36278
0,90813,91318,505
1,20001,58074,38073
0,52961,84040,31079
1,111807,131452,19645
1,21499,42357,20858
0,39501,63582,24081
0,140898,167283,26385
1,95097,142041,46944
0,59323,66057,6734
0,129966,157685,27719
1,42706,72939,30233
1,47161,82155,34994
1,69797,118941,49144
0,44668,71056,26388
1,39049,50423,11374
0,17510,52258,34748
0,129129,153492,24363
0,73988,92952,18964
0,53609,61806,8197
1,21000,70058,49058
0,83346,97418,14072
1,31756,78445,46689
0,43489,73963,30474
0,104827,139753,34926
0,23400,28876,5476
0,18824,39179,20355
1,30000,48986,18986
0,63810,104527,40717
0,30242,53288,23046
1,60755,65782,5027
1,41371,74065,32694
0,38992,48435,9443
0,163704,209750,46046
0,57465,77891,20426
0,169684,191295,21611
1,108700,129991,21291
0,19384,25086,5702
1,46847,55955,9108
1,37218,79666,42448
0,54593,103517,48924
0,60768,69369,8601
0,38149,85190,47041
0,135000,145193,10193
0,23141,52585,29444
0,50170,83736,33566
0,22955,53701,30746
1,34853,72545,37692
0,100011,116297,16286
1,90300,98886,8586
1,22524,48385,25861
1,56000,79127,23127
0,14395,48252,33857
1,76577,101006,24429
1,163124,179382,16258
1,46395,57575,11180
0,191940,230964,39024
1,51280,99847,48567
1,18000,46141,28141
0,66339,74875,8536
1,35861,64697,28836
1,180274,214882,34608
0,124613,129732,5119
0,79633,97269,17636
1,47266,63755,16489
0,50812,96866,46054
0,170000,188966,18966
0,117515,152976,35461
1,70215,73099,2884
0,89446,95325,5879
1,109000,125186,16186
1,147000,158172,11172
1,81000,113775,32775
0,106072,115474,9402
0,110706,152538,41832
1,18984,64454,45470
0,33336,57828,24492
1,133007,175621,42614
1,40019,62297,22278
0,117017,137833,20816
1,37141,84919,47778
0,71642,112747,41105
0,108553,116931,8378
1,29997,47554,17557
0,77836,120258,42422
0,106149,145656,39507
1,80000,106072,26072
1,109000,113352,4352
0,97516,122924,25408
0,15727,60926,45199
1,36258,76723,40465
1,96779,101052,4273
1,196000,245951,49951
0,32309,67543,35234
0,100060,147683,47623
0,17505,54595,37090
1,32322,54746,22424
0,15600,27847,12247
0,37613,64160,26547
1,60341,64391,4050
0,71786,83225,11439
0,27561,54546,26985
1,13285,51870,38585
0,163161,208355,45194
1,50635,64802,14167
0,18828,41262,22434
1,111695,135919,24224
0,50815,75291,24476
0,29555,33803,4248
0,131703,171435,39732
0,152118,192730,40612
0,14239,31429,17190
0,95382,104827,9445
1,31174,37698,6524
0,38392,64229,25837
0,196428,237580,41152
1,71379,98769,27390
0,39681,46749,7068
0,24549,64053,39504
0,72619,78855,6236
1,42044,69736,27692
1,80593,98974,18381
1,22449,27785,5336
1,33377,58803,25426
0,69394,79559,10165
0,133248,137711,4463
0,52627,62201,9574
1,12884,14403,1519
0,38310,55613,17303
0,46209,82470,36261
0,53487,64506,11019
1,17687,43833,26146
0,166920,169275,2355
0,111104,138545,27441
0,56496,70595,14099
0,94282,121472,27190
0,189910,217162,27252
0,127409,148846,21437
0,93655,96399,2744
1,60775,70062,9287
1,118267,124251,5984
0,60074,63084,3010
0,162896,183822,20926
0,132079,134327,2248
0,42000,67130,25130
1,35000,36850,1850
0,114803,159835,45032
1,14502,63547,49045
1,34653,69143,34490
0,129477,142257,12780
1,105388,150651,45263
0,64016,83546,19530
0,111642,126034,14392
0,86067,105449,19382
1,68568,116707,48139
1,34093,36981,2888
0,110184,118242,8058
1,42875,52287,9412
1,98479,111669,13190
0,108155,141677,33522
0,81415,99801,18386
0,141590,169204,27614
1,100644,105234,4590
1,52660,55460,2800
1,38773,82652,43879
1,34500,66224,31724
1,151000,186280,35280
0,51802,77700,25898
0,86731,123327,36596
1,131058,133603,2545
1,25335,50291,24956
1,58000,58041,41
1,188503,212083,23580
0,62967,76498,13531
0,37388,79375,41987
0,33688,65518,31830
0,51834,76255,24421
1,37519,40506,2987
0,29525,30569,1044
1,18500,45517,27017
1,78143,125913,47770
0,150920,177166,26246
1,57835,104083,46248
0,125627,134840,9213
1,82098,122974,40876
0,13889,41447,27558
0,163202,192823,29621
0,20025,45719,25694
0,146236,187035,40799
0,164405,195961,31556
1,35394,49406,14012
1,39748,43111,3363
0,18793,19925,1132
0,80251,89920,9669
0,91467,95699,4232
0,64408,69346,4938
1,43736,83022,39286
0,82145,92486,10341
1,40236,42897,2661
0,38047,57142,19095
1,71646,75361,3715
0,48596,89694,41098
1,37023,73709,36686
1,16000,24381,8381
0,95870,143809,47939
0,82000,84113,2113
0,12677,34051,21374
0,58833,59326,493
1,120822,163634,42812
0,50873,62952,12079
0,99980,132370,32390
0,135219,171117,35898
1,180810,223654,42844
1,61998,76434,14436
1,46702,88630,41928
0,46801,83354,36553
0,80584,90900,10316
0,60298,98197,37899
0,66001,79800,13799
1,17373,41379,24006
0,141528,155553,14025
1,139691,171072,31381
1,189646,227043,37397
0,90829,123022,32193
0,37343,45100,7757
1,130438,168482,38044
1,17354,42655,25301
1,46000,73184,27184
0,72942,118464,45522
1,64500,103953,39453
1,83290,133245,49955
0,12788,45001,32213
1,180000,194071,14071
1,38000,59225,21225
0,92482,129132,36650
0,31961,42897,10936
0,15226,18866,3640
1,39079,74069,34990
1,39000,83562,44562
1,27555,48508,20953
1,60093,93263,33170
0,115417,122721,7304
0,69410,110828,41418
1,20200,46980,26780
1,100000,104661,4661
0,37715,76510,38795
0,15863,23552,7689
1,133200,149199,15999
0,67008,69672,2664
0,18000,19600,1600
1,113699,161082,47383
1,63294,74634,11340
1,20000,65235,45235
1,42600,69648,27048
1,34251,66582,32331
1,18718,25282,6564
0,80753,101063,20310
1,66090,77474,11384
1,43057,68381,25324
1,20303,48552,28249
1,105000,134910,29910
1,14762,63620,48858
1,50096,98915,48819
0,27083,35061,7978
1,62878,72685,9807
0,83749,110627,26878
0,68913,106683,37770
0,76391,80060,3669
0,93650,143093,49443
0,41386,80646,39260
0,10881,40248,29367
0,117915,148311,30396
0,26946,64065,37119
1,126374,166129,39755
0,72142,88361,16219
1,19878,63153,43275
1,91182,114700,23518
0,138005,158552,20547
0,130906,150860,19954
1,106833,109401,2568
0,10849,31825,20976
1,95725,144903,49178
0,45094,74990,29896
0,26030,43149,17119
1,139000,157259,18259
1,50604,93973,43369
0,88204,105536,17332
0,58115,62125,4010
1,22802,28732,5930
1,64187,90457,26270
1,48590,83441,34851
0,10877,60283,49406
0,73481,102730,29249
0,37600,70932,33332
1,65300,88316,23016
0,91095,119506,28411
0,105495,145698,40203
0,11077,43980,32903
0,121319,122797,1478
1,78780,99799,21019
1,16193,52255,36062
0,94277,95798,1521
0,14676,32580,17904
0,61387,104485,43098
0,98950,99948,998
1,195442,220029,24587
0,194289,204954,10665
1,11266,55540,44274
0,125031,127735,2704
1,12308,28347,16039
1,133509,137531,4022
0,178480,222064,43584
1,25000,56156,31156
1,30379,71841,41462
0,102435,136294,33859
1,124554,156258,31704
1,128000,165163,37163
1,95787,111929,16142
1,96588,142962,46374
0,80000,87575,7575
1,17631,25852,8221
0,40180,85178,44998
1,33174,72993,39819
0,12061,12582,521
1,87127,117493,30366
0,17518,52188,34670
0,13061,25046,11985
1,108000,142947,34947
1,172018,214007,41989
0,152647,155989,3342
0,110161,118087,7926
0,69745,74294,4549
0,143048,183845,40797
0,108117,130000,21883
0,54639,73608,18969
1,26409,60041,33632
0,13767,52093,38326
0,62862,77201,14339
0,51451,78142,26691
0,190627,219283,28656
1,92494,103248,10754
1,17000,44486,27486
0,89957,124303,34346
0,28967,66502,37535
0,125683,153614,27931
1,51000,66543,15543
1,103000,125060,22060
0,38875,42701,3826
0,92661,113080,20419
1,94825,133679,38854
0,142761,168200,25439
1,64794,107700,42906
0,63010,98025,35015
1,148300,180510,32210
0,184755,212466,27711
1,92574,133112,40538
0,118153,162314,44161
1,78359,122400,44041
1,45897,60068,14171
1,30368,58148,27780
0,57800,73555,15755
0,28396,70945,42549
0,43483,63219,19736
0,134923,144799,9876
1,69900,104609,34709
0,91096,106861,15765
1,18300,22048,3748
0,39004,72332,33328
1,93500,110945,17445
1,116446,125334,8888
1,95919,145742,49823
1,28510,70822,42312
0,39541,39697,156
0,77820,93157,15337
0,24266,40159,15893
0,40018,58205,18187
0,49848,67369,17521
0,59225,72071,12846
0,38235,53533,15298
0,82963,109434,26471
1,23903,32771,8868
1,28582,40233,11651
1,94423,130343,35920
1,20691,62425,41734
1,67254,85002,17748
1,16772,50122,33350
0,63493,69372,5879
1,36560,79133,42573
0,147047,196431,49384
0,86551,86605,54
1,185775,223448,37673
0,37042,79177,42135
1,143957,145943,1986
0,86748,134541,47793
0,30219,33258,3039
1,45600,58320,12720
1,50000,63839,13839
1,38901,39990,1089
1,36237,62828,26591
1,85560,114312,28752
0,15531,50361,34830
0,91390,111907,20517
0,21845,55837,33992
1,130383,175012,44629
1,118586,120086,1500
1,61320,100962,39642
0,109840,144239,34399
1,155254,188211,32957
0,112350,128191,15841
0,71942,88163,16221
0,45312,84649,39337
0,16642,56539,39897
0,124652,150165,25513
0,30065,49887,19822
0,26271,47222,20951
0,92313,102796,10483
0,144050,150178,6128
1,80000,93572,13572
0,116000,147439,31439
0,132144,135548,3404
0,177964,182459,4495
1,27652,72595,44943
0,50175,70641,20466
0,149333,176521,27188
1,124963,153283,28320
0,69249,69506,257
0,79358,111787,32429
1,69518,95565,26047
0,95635,137452,41817
0,27519,61537,34018
0,28337,75363,47026
0,23458,28732,5274
0,34333,49742,15409
0,81141,86028,4887
0,21328,42612,21284
0,39370,63127,23757
0,93194,94548,1354
0,178646,188561,9915
1,60844,74979,14135
1,87000,108382,21382
0,40272,65052,24780
1,83000,125951,42951
0,82948,107619,24671
0,173246,174200,954
0,69860,84750,14890
0,29746,57742,27996
1,80620,111942,31322
1,56833,98768,41935
1,102662,122855,20193
1,33825,51129,17304
1,59736,85826,26090
0,109071,111579,2508
0,45391,70979,25588
0,15098,38358,23260
0,39195,69700,30505
1,39000,46781,7781
0,21672,58568,36896
1,15500,25121,9621
1,75245,82575,7330
1,44276,84995,40719
0,61518,100998,39480
0,42814,44415,1601
0,54210,98167,43957
0,184795,211676,26881
1,75758,115200,39442
1,94707,96790,2083
0,53040,88684,35644
1,76041,124512,48471
0,110558,137171,26613
1,50207,99328,49121
0,104636,137802,33166
0,115061,164535,49474
1,105000,119662,14662
0,134800,155294,20494
0,68263,74112,5849
0,30088,31430,1342
1,58719,85539,26820
0,139686,149583,9897
0,169194,172117,2923
1,81268,95151,13883
0,13547,62876,49329
0,40914,85299,44385
0,28700,67326,38626
1,60000,87379,27379
0,67381,76510,9129
1,18750,45298,26548
1,193490,228828,35338
1,39840,39986,146
1,34648,79148,44500
1,41085,72914,31829
1,88494,129950,41456
0,81000,84589,3589
0,55120,85475,30355
0,13620,14865,1245
1,12500,46015,33515
1,62110,107659,45549
0,102066,142416,40350
0,38676,45539,6863
0,25976,39669,13693
1,148633,167132,18499
0,118634,133885,15251
0,147927,149512,1585
1,32192,32555,363
0,23860,25393,1533
1,55243,80432,25189
1,60653,71995,11342
1,31436,81329,49893
1,82753,114944,32191
1,61890,73725,11835
1,10566,52642,42076
1,39453,41180,1727
1,140000,182498,42498
1,27233,64412,37179
0,150718,179628,28910
0,50481,90012,39531
1,42625,50336,7711
0,60402,101884,41482
1,52199,77080,24881
0,114213,163409,49196
0,56701,65579,8878
1,51251,72286,21035
0,20707,61659,40952
1,28291,61511,33220
0,52056,78140,26084
0,103071,114820,11749
0,88115,115972,27857
1,103111,114546,11435
0,175203,184724,9521
1,16047,23858,7811
1,105050,149659,44609
0,15630,19035,3405
0,117263,119384,2121
1,48464,91913,43449
1,15656,53224,37568
0,147008,188162,41154
0,94730,114280,19550
0,19950,47489,27539
0,52718,87732,35014
0,21536,66697,45161
0,70250,91206,20956
1,103557,142342,38785
1,56000,85313,29313
1,29499,38861,9362
1,50000,92328,42328
0,111823,118370,6547
1,87762,92408,4646
0,135500,154676,19176
1,50409,85663,35254
0,85190,95921,10731
0,38443,49167,10724
1,105686,132989,27303
0,40525,56388,15863
0,166327,204179,37852
1,61564,109551,47987
0,70280,77270,6990
1,65000,76248,11248
1,90000,115550,25550
1,74000,104236,30236
1,86150,114955,28805
1,46015,61887,15872
1,85983,93400,7417
0,138441,165864,27423
0,83113,123237,40124
0,30013,75933,45920
0,96376,96570,194
0,44548,51744,7196
1,46751,62461,15710
0,36891,80044,43153
0,37470,72076,34606
1,47344,87002,39658
0,85224,123493,38269
0,48000,53891,5891
0,194321,215578,21257
0,134039,147108,13069
0,105679,142991,37312
1,54359,70481,16122
1,78000,127969,49969
0,42500,84245,41745
0,153545,162775,9230
1,12000,14425,2425
0,87133,103902,16769
0,38026,81577,43551
0,44298,83605,39307
1,20000,44378,24378
0,127300,150152,22852
0,83410,86741,3331
0,58723,77908,19185
1,55000,78176,23176
1,122267,142939,20672
1,48395,96203,47808
0,128296,132861,4565
0,93790,138922,45132
1,72958,112810,39852
0,11857,46051,34194
1,62466,73341,10875
1,12553,17086,4533
0,30646,36135,5489
0,71751,89219,17468
0,194670,195128,458
0,132384,154900,22516
1,37575,79402,41827
1,70021,102965,32944
0,75773,121653,45880
0,51457,78112,26655
1,65144,97404,32260
1,103431,119556,16125
1,35000,45130,10130
0,79924,120847,40923
0,72695,106399,33704
1,127181,149863,22682
1,80500,104936,24436
0,55617,64414,8797
0,171060,188221,17161
0,40539,51135,10596
1,126076,134299,8223
0,68539,69917,1378
0,16674,25371,8697
0,48197,63495,15298
1,69104,71834,2730
1,122935,172357,49422
0,71455,103809,32354
0,86754,94970,8216
0,153433,191851,38418
0,117469,149561,32092
0,87419,112354,24935
0,84634,86559,1925
0,19978,43395,23417
0,115664,162844,47180
1,30202,79048,48846
0,44732,80169,35437
1,55000,90994,35994
1,83000,112834,29834
1,86836,119857,33021
1,56981,67654,10673
1,161281,180844,19563
0,61815,77396,15581
0,85202,126022,40820
1,69900,106861,36961
0,129969,141914,11945
1,24000,58593,34593
0,26388,67558,41170
1,196162,200393,4231
0,40673,61569,20896
0,59954,63841,3887
0,49149,58324,9175
0,13582,56429,42847
0,48696,75706,27010
0,67874,92798,24924
0,91969,96126,4157
0,116135,117155,1020
0,43933,67621,23688
0,15817,28022,12205
1,66913,107379,40466
0,166398,188183,21785
1,48999,91737,42738
0,35034,84328,49294
1,30335,77287,46952
1,57404,101351,43947
1,35129,78554,43425
1,85533,123740,38207
1,65199,71765,6566
1,39916,57643,17727
1,125739,150346,24607
0,72020,89935,17915
0,164615,210188,45573
0,68363,69976,1613
0,34550,58107,23557
1,159273,191873,32600
1,35784,46300,10516
0,193545,208515,14970
0,32091,75996,43905
0,107700,122929,15229
1,18165,43175,25010
0,60966,88603,27637
1,10498,15831,5333
1,94259,96850,2591
0,19669,65424,45755
1,46860,80877,34017
0,167800,182480,14680
1,31000,42839,11839
1,58646,65606,6960
0,28535,48657,20122
0,24431,27328,2897
0,95245,97227,1982
1,36158,63733,27575
1,165830,210583,44753
1,17942,25167,7225
1,68953,78354,9401
0,176000,223661,47661
1,61500,93598,32098
0,121230,159638,38408
1,39070,84863,45793
0,97942,109802,11860
1,33835,81482,47647
1,23982,50667,26685
0,92000,135539,43539
0,86694,120972,34278
1,70000,74971,4971
0,174592,206779,32187
1,20000,58962,38962
1,90000,139050,49050
0,141867,148397,6530
1,59000,72863,13863
0,34814,49953,15139
0,27757,44899,17142
1,44392,49098,4706
0,35456,47134,11678
0,79421,89818,10397
1,28095,48407,20312
0,24486,59115,34629
1,45377,75669,30292
1,160579,178878,18299
1,106290,146910,40620
0,54577,66697,12120
1,25886,43109,17223
0,22807,38973,16166
1,38972,55076,16104
0,43604,48748,5144
1,188000,219874,31874
1,126997,129177,2180
1,81385,106051,24666
1,87593,113125,25532
1,43677,68259,24582
1,100372,118518,18146
1,85962,98022,12060
0,22393,35756,13363
0,157098,196489,39391
0,112832,149702,36870
0,75000,82370,7370
0,195018,216325,21307
1,26400,48622,22222
0,66738,101332,34594
0,15488,25121,9633
0,56614,93083,36469
0,20718,25783,5065
0,26506,59506,33000
0,18371,49692,31321
0,26907,62054,35147
0,32076,55564,23488
0,119785,129267,9482
0,59772,90293,30521
0,38441,52507,14066
0,24681,72498,47817
1,31219,50897,19678
0,129840,166211,36371
1,135450,144145,8695
0,43894,84046,40152
1,64924,108681,43757
0,56230,73591,17361
1,34983,75320,40337
1,18800,55987,37187
0,65005,88117,23112
1,52760,66039,13279
0,10968,44192,33224
1,55976,61953,5977
0,56885,58438,1553
0,90411,105920,15509
1,28213,74924,46711
0,54318,68964,14646
1,29156,63521,34365
0,10698,12710,2012
0,113039,125823,12784
1,15000,29195,14195
0,45658,87069,41411
0,88920,99901,10981
1,48987,97233,48246
0,71865,89073,17208
1,150929,192216,41287
1,75080,97777,22697
1,188081,225824,37743
0,55325,82553,27228
1,35105,66114,31009
0,148075,152479,4404
0,86854,125775,38921
1,12000,42551,30551
1,10547,48445,37898
0,42728,50297,7569
1,82028,124656,42628
0,31026,32193,1167
0,22348,38471,16123
0,87256,91091,3835
0,65764,92785,27021
0,19627,29737,10110
1,87175,121589,34414
0,11429,13789,2360
0,82159,122314,40155
1,53464,98909,45445
0,56540,65265,8725
0,14522,54948,40426
1,32393,43191,10798
1,68433,92619,24186
1,30686,45279,14593
0,60855,92510,31655
1,105000,138879,33879
0,76000,124640,48640
1,56000,91884,35884
0,51237,78417,27180
0,20875,35027,14152
0,69318,78995,9677
1,106340,133534,27194
1,35304,80974,45670
1,73170,101945,28775
1,32000,67558,35558
1,22712,70569,47857
1,13903,48267,34364
0,57215,66295,9080
0,119928,124831,4903
1,110859,123190,12331
1,101726,129094,27368
1,82905,122577,39672
0,145046,148997,3951
1,64976,74407,9431
0,99966,125266,25300
0,140500,180264,39764
1,10732,55000,44268
1,53000,90917,37917
0,159354,167425,8071
1,28663,77867,49204
1,61895,78998,17103
1,54000,81159,27159
0,23377,66694,43317
1,106919,155378,48459
0,48153,75306,27153
0,99004,135188,36184
0,47748,70041,22293
0,171450,216733,45283
0,116956,148754,31798
0,88799,92087,3288
0,59013,83933,24920
0,62426,98680,36254
0,54125,102061,47936
1,162795,191767,28972
1,19713,29559,9846
0,130977,137130,6153
1,96244,144060,47816
0,105913,105984,71
0,105938,111030,5092
0,42583,50265,7682
1,83200,108212,25012
0,132086,144084,11998
0,131730,175198,43468
0,24710,27561,2851
1,18800,30489,11689
0,43268,59535,16267
0,102200,132496,30296
0,75000,85168,10168
1,31443,68603,37160
0,22152,38893,16741
1,143767,192290,48523
1,17457,41597,24140
0,142660,160970,18310
0,162110,164165,2055
0,24585,24816,231
1,74000,77236,3236
1,10314,47486,37172
1,92080,114880,22800
1,100831,112321,11490
1,64194,110522,46328
0,58991,80620,21629
1,68007,86570,18563
1,30000,68150,38150
1,73635,97441,23806
1,127145,170370,43225
0,171437,196517,25080
1,30581,56731,26150
0,55091,80369,25278
0,184096,207636,23540
1,12298,54254,41956
0,41978,76867,34889
0,31010,69932,38922
0,116841,121474,4633
1,58713,71997,13284
1,61052,92605,31553
1,33122,36882,3760
0,35531,59656,24125
1,17000,46965,29965
0,60174,62781,2607
0,67863,69142,1279
0,28022,35115,7093
0,115239,151997,36758
0,21807,26429,4622
0,52608,80533,27925
0,73336,76851,3515
1,33359,42215,8856
1,28267,42519,14252
0,70170,96009,25839
1,114000,149557,35557
0,110939,119122,8183
0,112407,162083,49676
1,175607,214227,38620
1,54381,65440,11059
1,69564,88632,19068
1,56000,86164,30164
1,43175,63541,20366
0,40976,90286,49310
1,124365,151855,27490
1,102765,121564,18799
1,54847,78902,24055
1,107171,144416,37245
1,41605,43142,1537
1,115000,151474,36474
0,36496,36667,171
0,107768,111562,3794
0,113462,142659,29197
0,57284,95734,38450
1,30456,56196,25740
1,80754,123565,42811
0,152944,165243,12299
0,68421,69201,780
0,79450,111329,31879
1,110132,138877,28745
0,179239,212150,32911
1,108000,149111,41111
0,52078,58860,6782
0,72627,79989,7362
1,76739,108742,32003
0,35121,48129,13008
0,128932,167084,38152
1,168000,207721,39721
1,55514,79068,23554
1,147000,189317,42317
0,62261,90932,28671
1,38435,74407,35972
1,141116,171798,30682
0,80915,87849,6934
1,132533,162574,30041
0,34500,44520,10020
1,196329,233382,37053
1,32522,33073,551
0,71725,91274,19549
0,94829,117914,23085
1,85001,88887,3886
0,67307,89231,21924
1,15361,48184,32823
0,10926,52075,41149
1,39193,51442,12249
1,35234,59020,23786
0,39207,84359,45152
0,42600,74021,31421
0,69975,118465,48490
1,26664,35186,8522
1,76000,78227,2227
1,57000,90063,33063
1,53000,82887,29887
1,46861,70343,23482
0,10321,37232,26911
0,95668,126276,30608
0,27450,33415,5965
0,65218,95867,30649
0,60596,83896,23300
0,130157,175652,45495
1,39010,72576,33566
1,98535,144597,46062
0,65336,76903,11567
0,174802,197991,23189
1,128350,136622,8272
0,72599,83038,10439
1,56542,73868,17326
0,131629,161662,30033
1,23223,71186,47963
1,70000,111105,41105
1,116740,149424,32684
0,91416,116858,25442
1,26173,39670,13497
0,190487,225966,35479
0,148123,192808,44685
0,70900,82484,11584
0,65187,87967,22780
0,30340,39734,9394
0,65110,75188,10078
0,36000,44633,8633
1,110000,148342,38342
0,85274,93736,8462
0,40470,50590,10120
1,42679,64272,21593
0,68394,93662,25268
0,82803,83604,801
0,65275,74169,8894
0,72166,85814,13648
0,101728,151334,49606
1,88027,90621,2594
0,111926,129066,17140
0,17955,55955,38000
0,40263,74065,33802
1,47000,81221,34221
1,28956,49561,20605
0,177940,183627,5687
0,66942,107869,40927
1,150623,183294,32671
0,132000,175835,43835
1,16688,60106,43418
0,34163,38684,4521
0,140000,182187,42187
0,87784,109891,22107
0,150018,150376,358
1,54360,72348,17988
1,107594,153650,46056
0,30777,56896,26119
0,41229,79741,38512
1,43072,87629,44557
1,139000,183430,44430
1,96895,108625,11730
0,75061,79813,4752
0,11399,22972,11573
0,60000,90582,30582
1,126721,167390,40669
1,34957,80039,45082
0,73830,92118,18288
0,98396,115486,17090
0,15000,35796,20796
0,35680,60727,25047
1,51069,56611,5542
1,44951,52519,7568
0,51778,90636,38858
0,96000,111780,15780
0,78648,100000,21352
1,54582,61294,6712
0,97188,131847,34659
1,158899,201435,42536
0,105326,150907,45581
0,98056,104380,6324
1,160818,190939,30121
0,66507,89810,23303
0,57167,106659,49492
1,185656,208517,22861
1,17175,59573,42398
0,102503,150579,48076
1,82196,94188,11992
1,83564,107783,24219
1,120152,156288,36136
1,90000,131213,41213
0,10077,51756,41679
1,82942,87257,4315
0,61433,85148,23715
0,31273,32631,1358
0,41418,77234,35816
0,100017,127985,27968
0,93496,108489,14993
1,37056,80310,43254
0,124830,150973,26143
0,192803,200113,7310
1,49898,73837,23939
0,19780,60750,40970
1,63218,71465,8247
0,75642,85963,10321
0,35401,40082,4681
1,56614,95577,38963
1,20424,65104,44680
0,45340,55373,10033
0,168305,202183,33878
1,55712,95187,39475
0,131966,175284,43318
1,60891,94391,33500
1,41000,43417,2417
0,18123,52827,34704
1,155288,173870,18582
0,105557,122187,16630
1,120188,170050,49862
0,27417,52610,25193
0,65120,90788,25668
1,92000,133308,41308
0,45605,46699,1094
0,84555,116945,32390
0,10326,28035,17709
0,83836,99861,16025
0,183701,224865,41164
1,28226,58924,30698
1,95936,103566,7630
1,109000,122272,13272
1,12000,50536,38536
1,10684,54498,43814
0,53265,60557,7292
0,54957,89796,34839
0,22862,35258,12396
0,44350,75814,31464
0,76000,93629,17629
0,129291,149384,20093
0,116069,147620,31551
0,22234,53855,31621
0,95676,144820,49144
1,11303,44616,33313
0,133307,138511,5204
0,78022,82183,4161
0,29927,42977,13050
0,72284,86372,14088
1,46201,78262,32061
0,55935,65767,9832
1,60774,74301,13527
1,23479,41708,18229
1,31000,67204,36204
0,91200,95502,4302
1,56143,66167,10024
1,25292,74015,48723
0,163500,165582,2082
1,67414,86859,19445
0,86597,132872,46275
1,18286,29304,11018
1,14885,62006,47121
1,127000,129762,2762
0,69540,88703,19163
0,60340,65999,5659
0,21385,70877,49492
0,75339,123712,48373
1,30000,41307,11307
0,28688,53545,24857
1,186471,214541,28070
1,65491,78011,12520
0,104447,110457,6010
0,23172,31284,8112
0,139803,174933,35130
1,11394,37559,26165
0,130002,138497,8495
0,136263,161393,25130
0,60729,72197,11468
0,114635,117576,2941
0,50100,92700,42600
1,39678,71489,31811
0,40226,86684,46458
0,122720,154756,32036
1,104970,141070,36100
0,20150,48826,28676
0,166545,195247,28702
1,105260,133490,28230
1,14000,25285,11285
0,23949,62482,38533
0,160049,200964,40915
1,169872,206423,36551
1,22895,64035,41140
0,74509,120822,46313
0,85721,119380,33659
0,82792,125195,42403
1,20000,25650,5650
0,30423,64939,34516
1,83990,99755,15765
0,16574,46998,30424
1,70218,92746,22528
1,76399,116321,39922
1,96025,143953,47928
1,142564,164058,21494
1,137558,162807,25249
1,14000,32998,18998
0,172042,198246,26204
1,138123,149865,11742
1,82302,110474,28172
0,41164,47724,6560
1,120219,158443,38224
1,54110,58407,4297
0,102319,105503,3184
0,26150,52335,26185
0,108171,110218,2047
0,53749,57216,3467
1,76227,120943,44716
1,31000,77460,46460
1,22851,54454,31603
0,188358,199270,10912
0,102745,133898,31153
0,118483,120310,1827
0,64263,85234,20971
1,130000,151363,21363
0,126481,142923,16442
0,87305,96962,9657
1,122132,139896,17764
1,90000,129224,39224
1,28872,75959,47087
0,25283,40911,15628
0,78630,109415,30785
0,38333,51538,13205
1,40000,47449,7449
1,96998,131502,34504
1,41637,79832,38195
0,102935,145788,42853
1,74251,111935,37684
1,32958,54846,21888
1,149349,189776,40427
0,47222,68076,20854
0,113309,124591,11282
0,17492,52929,35437
0,47793,66314,18521
1,148352,182491,34139
1,69282,80538,11256
0,136775,173253,36478
1,29000,53004,24004
0,38817,76879,38062
1,105657,155324,49667
0,58180,80466,22286
0,73651,82376,8725
1,44743,73727,28984
1,70000,103802,33802
0,99525,149028,49503
0,28307,63566,35259
1,120231,143805,23574
0,46088,83456,37368
0,49783,51899,2116
0,126411,130415,4004
1,50000,84553,34553
0,17000,32740,15740
1,29205,49304,20099
1,175838,221539,45701
0,100400,114293,13893
0,35228,50869,15641
0,107785,114454,6669
0,106011,153013,47002
1,66637,84243,17606
1,88140,134616,46476
1,16475,60468,43993
1,79776,124361,44585
0,10773,37292,26519
1,75000,99832,24832
0,74710,84039,9329
0,18813,26760,7947
1,20608,51037,30429
0,164896,190480,25584
0,94696,134773,40077
1,90036,93626,3590
1,18000,22273,4273
0,32490,72136,39646
0,70571,95485,24914
0,164718,176934,12216
0,90992,137631,46639
0,67352,97500,30148
1,139626,180698,41072
0,58311,76219,17908
0,135165,136208,1043
0,48021,94670,46649
0,131650,178147,46497
0,84569,93112,8543
0,62305,91642,29337
1,86153,129404,43251
0,81582,81999,417
1,45093,48317,3224
0,37585,68220,30635
1,151136,160905,9769
1,79000,118120,39120
1,167006,194656,27650
1,150000,187040,37040
0,63663,64444,781
0,20732,67192,46460
1,17276,37300,20024
1,42834,70120,27286
0,64838,87567,22729
1,15000,34990,19990
1,62698,91948,29250
1,106714,155196,48482
1,54000,72895,18895
0,43365,85934,42569
0,67466,70301,2835
1,75000,105956,30956
0,85094,130237,45143
0,59674,75360,15686
0,95305,101839,6534
0,118490,155290,36800
1,126246,130491,4245
1,55238,94626,39388
1,70000,95507,25507
1,123000,131724,8724
0,95069,128391,33322
0,80879,92976,12097
1,97658,130616,32958
0,55839,87416,31577
1,54200,70532,16332
0,84075,95358,11283
0,85033,101183,16150
0,31490,58846,27356
0,11080,35892,24812
0,82674,129416,46742
1,39281,68524,29243
0,51362,82054,30692
0,131217,145930,14713
0,120570,148557,27987
1,50326,86040,35714
0,80000,85633,5633
0,80063,84169,4106
1,20000,46035,26035
0,26170,47919,21749
0,43768,48411,4643
0,87102,115477,28375
0,121972,132043,10071
1,61000,109292,48292
0,52355,95023,42668
1,42688,81373,38685
1,31342,64547,33205
1,72680,113134,40454
0,18610,61668,43058
0,55691,75523,19832
1,176000,212925,36925
0,117486,128697,11211
0,74569,101006,26437
1,27204,68670,41466
0,56370,89282,32912
1,34500,40053,5553
0,93801,128396,34595
0,34128,66142,32014
1,28000,74684,46684
1,68000,109992,41992
0,151369,193651,42282
1,27995,50902,22907
0,91318,125468,34150
0,98050,115212,17162
1,60000,75279,15279
1,161890,175770,13880
0,54378,60474,6096
0,146000,156945,10945
1,70332,80083,9751
1,144349,167932,23583
1,37670,68433,30763
1,39200,51315,12115
0,160000,171578,11578
0,178650,194741,16091
0,78625,86353,7728
1,104875,137622,32747
1,16604,34275,17671
0,47081,95050,47969
0,65098,76295,11197
0,78414,86175,7761
0,100689,135338,34649
0,38475,83096,44621
1,57512,61281,3769
0,34798,53270,18472
0,179080,222592,43512
0,68582,112645,44063
0,68111,82666,14555
0,79054,108161,29107
0,189027,200316,11289
0,109138,119429,10291
0,53420,71173,17753
1,52981,87626,34645
1,66500,91981,25481
0,14659,26858,12199
1,38659,47514,8855
0,18275,67673,49398
1,126790,176417,49627
1,127064,141047,13983
1,102000,109116,7116
1,17114,57356,40242
0,20450,59176,38726
1,67026,70584,3558
1,130000,172733,42733
0,68101,103068,34967
0,106357,118477,12120
1,54275,92225,37950
0,77032,82503,5471
1,98415,114664,16249
1,71859,91660,19801
1,87200,136900,49700
0,169106,170940,1834
0,60622,92526,31904
0,26445,50702,24257
0,10412,53717,43305
0,71391,114701,43310
1,150000,167884,17884
0,73091,104161,31070
0,129558,154385,24827
1,103191,119611,16420
1,55435,86271,30836
0,100449,132330,31881
1,70754,108981,38227
0,26248,64136,37888
1,109600,135399,25799
0,104521,113659,9138
1,46256,81508,35252
0,74674,122790,48116
1,56053,79381,23328
0,32557,74620,42063
1,52744,90970,38226
1,66620,113273,46653
0,74174,76541,2367
0,53372,77901,24529
0,199219,200960,1741
0,89068,96074,7006
1,14600,17721,3121
1,154848,200094,45246
1,101999,111626,9627
0,85710,103714,18004
1,96926,134279,37353
0,92349,134699,42350
0,135173,156425,21252
1,47887,89573,41686
1,190000,195221,5221
0,197458,206290,8832
1,43411,61075,17664
1,18451,26629,8178
1,113000,154435,41435
0,42086,48080,5994
0,50086,87912,37826
1,24000,41038,17038
1,56195,56706,511
1,40975,77947,36972
1,46221,59778,13557
1,36500,55006,18506
0,55356,56061,705
1,13983,26368,12385
1,78695,82809,4114
0,120597,169861,49264
0,10445,43176,32731
1,17405,35791,18386
0,43000,61827,18827
0,31771,76517,44746
1,185134,221819,36685
0,60578,103336,42758
0,20627,40949,20322
1,42491,46308,3817
1,54719,55476,757
0,140122,144357,4235
1,83000,89472,6472
1,54187,79069,24882
0,15542,23042,7500
1,33000,67728,34728
1,35136,38588,3452
0,41279,49403,8124
1,39737,47131,7394
1,29596,60829,31233
1,30000,46908,16908
0,36348,46836,10488
0,161482,194436,32954
1,50487,57068,6581
1,22801,40956,18155
1,173217,193027,19810
1,17401,30039,12638
0,111356,117020,5664
1,85814,124711,38897
1,71253,106514,35261
0,82084,103536,21452
0,108779,109994,1215
0,19838,20208,370
0,49428,93205,43777
1,10410,22146,11736
0,67712,88506,20794
1,45000,72999,27999
0,182053,219175,37122
1,40801,86796,45995
1,37000,62015,25015
1,13399,50073,36674
0,145888,151976,6088
1,114000,134556,20556
1,40816,69733,28917
0,40635,43925,3290
1,33001,77182,44181
0,65322,70901,5579
1,90000,109291,19291
1,35928,53452,17524
0,53730,79421,25691
0,175485,216635,41150
1,76668,122778,46110
1,19751,68172,48421
0,55943,66479,10536
0,18150,33461,15311
0,114297,148608,34311
1,58259,65090,6831
0,52000,56761,4761
1,55395,55413,18
1,41707,65495,23788
0,11712,28645,16933
1,94117,141651,47534
1,84374,96653,12279
0,134000,156669,22669
0,193634,242310,48676
1,78197,123614,45417
1,85000,130149,45149
0,112662,158384,45722
0,61297,104640,43343
0,174980,222220,47240
1,20000,58639,38639
1,63526,85936,22410
1,64000,91479,27479
0,22098,28980,6882
0,23641,33769,10128
1,108030,156761,48731
1,177627,226771,49144
0,96199,130465,34266
0,100980,125406,24426
1,196888,240325,43437
0,61014,62196,1182
0,96618,110290,13672
1,130000,159639,29639
0,45160,65797,20637
1,15662,26268,10606
1,52185,97339,45154
0,92548,97876,5328
1,51895,57863,5968
0,129934,141043,11109
1,54100,70491,16391
0,41691,55520,13829
0,28985,69470,40485
1,56927,94211,37284
0,22887,39826,16939
0,75744,91762,16018
1,51000,70916,19916
1,32250,62056,29806
1,91623,126779,35156
1,89867,91940,2073
1,81375,90069,8694
1,174771,192928,18157
1,75091,78399,3308
0,26635,62423,35788
0,13005,38441,25436
1,12000,51152,39152
0,19229,47928,28699
1,30000,62753,32753
1,72214,98299,26085
0,59720,90939,31219
1,29742,61785,32043
1,31100,32303,1203
1,84025,125185,41160
0,46571,75444,28873
0,31660,54434,22774
0,136676,143932,7256
1,17693,44249,26556
0,24545,63821,39276
0,56882,80082,23200
0,102376,148438,46062
0,139291,188657,49366
0,82752,92560,9808
0,67319,113550,46231
1,32648,59554,26906
0,15649,23526,7877
1,68711,70728,2017
0,43487,91987,48500
1,35350,66888,31538
1,135000,184352,49352
1,28700,51078,22378
0,106322,117781,11459
1,98000,116281,18281
1,31669,73493,41824
0,32397,57896,25499
0,95612,140550,44938
0,137673,183293,45620
0,92465,100693,8228
0,60480,68326,7846
0,78802,106762,27960
1,41239,61337,20098
1,45378,90002,44624
1,113000,121497,8497
1,163000,193204,30204
0,122207,161390,39183
0,105534,123732,18198
0,53549,81387,27838
0,36732,68303,31571
1,78388,102700,24312
1,97081,102868,5787
1,162176,189600,27424
1,108491,117656,9165
0,32093,39215,7122
1,66603,71664,5061
0,108627,114970,6343
0,55248,87951,32703
1,82000,114707,32707
0,56491,94198,37707
0,162169,174057,11888
0,56362,56450,88
0,87561,89672,2111
0,18678,22227,3549
1,22000,50582,28582
1,27519,39167,11648
0,95241,134864,39623
0,112313,160983,48670
0,85749,119419,33670
0,33291,58576,25285
1,52367,68470,16103
0,108908,151054,42146
1,77000,110787,33787
0,11539,27097,15558
0,37766,85293,47527
1,30283,46284,16001
0,42199,74917,32718
0,76013,92567,16554
0,39920,42686,2766
0,91064,115619,24555
0,23408,42165,18757
0,40516,45294,4778
1,70277,114297,44020
0,160514,167197,6683
1,56312,84852,28540
1,33000,82160,49160
0,146302,154038,7736
1,105000,134151,29151
1,46507,58835,12328
0,94898,134117,39219
0,162660,204206,41546
1,150600,188493,37893
0,65624,66090,466
1,88330,118593,30263
0,132964,176365,43401
0,31779,50109,18330
0,68356,115509,47153
0,131885,167260,35375
1,16000,25857,9857
0,23429,24744,1315
0,137316,166880,29564
0,22315,28848,6533
0,71172,109116,37944
0,14106,52364,38258
1,127798,146987,19189
1,53547,62779,9232
0,58266,75561,17295
0,41802,76740,34938
1,126825,176167,49342
1,24685,56814,32129
0,46538,48264,1726
1,36999,82770,45771
0,67514,99497,31983
0,117059,135283,18224
0,95757,120051,24294
0,74215,113545,39330
1,77394,109314,31920
1,67000,69719,2719
1,94043,100378,6335
0,45195,77875,32680
1,50000,86944,36944
0,16720,45301,28581
0,78904,114967,36063
0,47269,83804,36535
0,44012,48212,4200
0,25240,39253,14013
0,46209,63736,17527
1,12162,44050,31888
0,105612,118588,12976
0,14857,32248,17391
0,27016,54896,27880
0,165000,169291,4291
1,39000,73837,34837
1,78000,123877,45877
0,36891,76880,39989
1,28332,52544,24212
0,83674,84215,541
1,111471,133115,21644
0,158608,166810,8202
0,106429,146097,39668
0,150000,181909,31909
1,37305,73190,35885
1,81333,121310,39977
1,25262,66925,41663
0,94884,104003,9119
0,80739,90034,9295
0,14228,34527,20299
0,83000,96002,13002
1,149887,163996,14109
1,47495,68872,21377
0,52565,71784,19219
1,55439,84591,29152
0,125124,156934,31810
0,18487,21933,3446
1,103694,129915,26221
0,43726,55931,12205
0,196500,200029,3529
1,43000,79327,36327
0,50174,61483,11309
1,55192,88767,33575
1,59980,64447,4467
0,68017,112266,44249
1,110462,114764,4302
1,31481,79057,47576
1,117000,156423,39423
1,92676,135562,42886
0,175511,222230,46719
1,43822,47206,3384
1,40000,76982,36982
0,55240,73530,18290
0,129583,168583,39000
1,24363,51001,26638
1,65608,114391,48783
1,41099,51452,10353
0,95180,131608,36428
1,170000,178960,8960
1,79341,129273,49932
0,126813,143214,16401
0,18347,60782,42435
0,60000,99246,39246
0,44863,54719,9856
0,62030,70761,8731
0,49714,49862,148
0,75774,115033,39259
1,90922,121053,30131
0,35234,38366,3132
1,22880,33773,10893
0,28218,73587,45369
1,114193,135494,21301
1,62826,78584,15758
0,60126,75711,15585
1,101691,132283,30592
1,21855,23851,1996
1,21925,61334,39409
1,138446,171715,33269
0,151035,172440,21405
1,50000,93880,43880
0,32000,37563,5563
1,58085,105076,46991
1,89231,131122,41891
0,63818,93578,29760
0,23589,40021,16432
1,57793,98153,40360
0,154000,161101,7101
0,123000,153900,30900
1,92782,130824,38042
0,96721,131987,35266
0,61340,84723,23383
1,100077,124302,24225
1,85000,113099,28099
1,135000,178410,43410
1,114914,138227,23313
0,70486,99090,28604
1,65716,91973,26257
1,111609,121025,9416
0,82912,88090,5178
1,89948,131659,41711
1,191473,215497,24024
0,100031,123178,23147
0,60995,105020,44025
0,85000,107257,22257
0,93228,107409,14181
0,65985,88980,22995
0,133493,146945,13452
1,39500,53716,14216
1,86521,133559,47038
0,32479,70428,37949
1,82403,118693,36290
0,30405,48642,18237
1,34259,74280,40021
0,38813,40090,1277
1,56452,103830,47378
0,53350,72357,19007
0,76042,102362,26320
1,180547,201213,20666
1,75340,99420,24080
0,11092,51951,40859
1,63290,75521,12231
0,30147,62328,32181
0,66800,92797,25997
1,97223,133834,36611
1,20435,61525,41090
0,126208,134488,8280
1,175123,205913,30790
0,123010,123577,567
0,44716,46579,1863
1,17739,59872,42133
1,78590,124989,46399
0,60270,92768,32498
1,51000,66898,15898
1,68200,71534,3334
0,48881,65029,16148
1,77138,125489,48351
0,97993,122778,24785
1,17467,50455,32988
0,93425,143033,49608
0,69118,100494,31376
0,53785,100197,46412
0,131050,140479,9429
0,11135,20409,9274
0,41120,83328,42208
0,18576,45459,26883
0,133425,160964,27539
0,55786,85673,29887
0,94648,119964,25316
1,55293,98906,43613
1,48597,73717,25120
0,78957,86444,7487
1,119659,125043,5384
0,54006,68979,14973
0,25268,65841,40573
1,18306,41625,23319
0,132846,148179,15333
0,50928,52744,1816
1,72000,96018,24018
0,140746,160671,19925
1,185671,231293,45622
1,41000,67790,26790
1,30000,62105,32105
0,124428,172527,48099
0,62487,110451,47964
0,91915,93725,1810
0,93154,136685,43531
0,66030,91901,25871
0,45182,67436,22254
1,40000,52318,12318
1,183765,190936,7171
1,175458,213799,38341
1,48650,98157,49507
1,33877,81478,47601
0,75414,88672,13258
0,66255,74436,8181
0,68733,100667,31934
0,144565,145147,582
1,98806,100160,1354
1,50199,100185,49986
0,24846,33706,8860
1,77787,91460,13673
1,26542,63485,36943
0,29523,33008,3485
1,71573,93264,21691
1,10021,29071,19050
1,147839,151179,3340
1,85902,125292,39390
1,98603,120134,21531
0,165000,183136,18136
1,34814,54405,19591
1,115000,158353,43353
0,128446,174107,45661
0,114215,145724,31509
1,56991,87293,30302
0,25276,47217,21941
0,25491,42547,17056
0,11377,38985,27608
0,25603,46819,21216
1,73374,89990,16616
0,157305,165656,8351
0,118220,160867,42647
1,110728,154678,43950
0,73564,115540,41976
0,72356,92985,20629
0,70626,94708,24082
1,191999,238366,46367
1,60369,70416,10047
1,138163,164359,26196
1,191820,213691,21871
1,103785,149378,45593
1,50635,66301,15666
0,188500,233855,45355
1,63572,103711,40139
0,152764,174161,21397
0,150729,182476,31747
1,27959,38179,10220
0,92590,125596,33006
1,70923,80972,10049
0,34305,74888,40583
1,62285,103958,41673
0,64160,108731,44571
1,108633,142783,34150
1,143298,146116,2818
1,26919,39163,12244
1,40265,77815,37550
0,78665,100893,22228
1,18040,52927,34887
0,58993,78898,19905
1,25426,54309,28883
1,20101,68322,48221
0,19030,66771,47741
1,13902,26527,12625
0,35003,69211,34208
0,14801,49066,34265
0,89552,103932,14380
1,22488,23249,761
1,105398,135185,29787
0,16254,60486,44232
0,72317,84924,12607
1,34935,83488,48553
0,83634,90972,7338
0,29200,42269,13069
0,54677,55070,393
1,65869,114925,49056
1,138200,180653,42453
0,54987,64484,9497
0,145302,156699,11397
1,15313,52048,36735
1,106439,126882,20443
1,79333,111561,32228
0,89648,114057,24409
1,80576,124432,43856
1,37000,76044,39044
0,87293,127648,40355
1,42250,87856,45606
1,110685,141715,31030
0,86669,110080,23411
0,34409,35649,1240
0,77717,91848,14131
0,17792,66902,49110
1,30554,47107,16553
0,40477,65795,25318
0,98876,127360,28484
1,56354,74834,18480
0,65819,69561,3742
1,160160,189210,29050
1,34263,37766,3503
0,50819,65676,14857
0,86990,107449,20459
0,53807,83441,29634
0,127649,143813,16164
1,14400,52013,37613
0,99605,107468,7863
0,94772,116360,21588
1,91237,131983,40746
0,75133,124844,49711
0,97537,105596,8059
0,37822,50350,12528
0,42000,43429,1429
0,43600,56559,12959
0,24346,55360,31014
0,46262,49650,3388
0,80892,84562,3670
1,71295,109348,38053
1,70000,106799,36799
0,95250,137391,42141
1,74997,118203,43206
0,21238,60707,39469
0,95281,129660,34379
1,119883,151803,31920
1,12000,14193,2193
1,45000,79602,34602
0,27723,61816,34093
0,50509,62254,11745
1,54217,89738,35521
0,31800,78652,46852
0,24386,72550,48164
0,103501,117022,13521
0,122236,151762,29526
1,186759,217969,31210
0,41428,90323,48895
0,17695,58958,41263
1,100173,147506,47333
0,66916,98224,31308
0,49132,56087,6955
0,119265,145293,26028
1,126537,175773,49236
1,89489,132696,43207
0,182000,204206,22206
0,111238,123644,12406
1,97757,144315,46558
1,46000,64756,18756
0,53318,62359,9041
0,54530,59718,5188
0,144912,150622,5710
1,76856,113517,36661
1,69094,113223,44129
1,173919,202141,28222
1,84271,123309,39038
0,48153,89629,41476
0,14846,45708,30862
0,78279,126374,48095
0,82979,90350,7371
0,86487,112192,25705
0,67464,108854,41390
1,21759,43847,22088
1,24441,25669,1228
1,32248,43142,10894
0,145381,192729,47348
0,12250,46798,34548
1,158331,177989,19658
0,117795,133964,16169
1,49294,52336,3042
1,11300,22438,11138
1,140560,157477,16917
1,22380,66051,43671
1,83635,85966,2331
1,15293,59984,44691
1,69552,105472,35920
0,82033,119544,37511
0,111773,129107,17334
1,136563,161868,25305
0,158816,159418,602
0,37248,53908,16660
1,100000,107962,7962
1,38803,56867,18064
0,117257,158052,40795
1,54874,101217,46343
1,80730,111564,30834
1,70000,110440,40440
1,35900,77673,41773
1,132507,170836,38329
0,143994,164196,20202
0,124270,132495,8225
0,175961,191125,15164
0,79812,111606,31794
1,33475,60233,26758
1,180000,212322,32322
0,103204,122149,18945
1,21908,25638,3730
0,25201,63352,38151
1,12951,57995,45044
1,52563,95651,43088
0,48950,56415,7465
0,130585,138702,8117
1,117429,162843,45414
0,75722,91725,16003
1,32166,65656,33490
1,19804,67195,47391
1,90285,122980,32695
0,31882,59830,27948
1,55037,79343,24306
1,19170,32753,13583
1,94127,130587,36460
1,88113,123228,35115
0,81689,118990,37301
1,64000,86930,22930
1,34000,43361,9361
0,141705,169660,27955
1,67055,97692,30637
0,26181,47031,20850
1,25204,33608,8404
1,21000,35587,14587
0,136609,138617,2008
0,84126,133655,49529
1,28964,41267,12303
1,45000,88591,43591
1,64418,96910,32492
0,101843,112081,10238
1,28000,66384,38384
0,127648,141836,14188
0,98714,124468,25754
0,82168,109248,27080
0,96913,127931,31018
1,28809,33095,4286
1,82000,112886,30886
1,48000,96534,48534
1,138857,164406,25549
0,126205,133878,7673
1,40317,84151,43834
1,73000,91137,18137
1,71777,96010,24233
0,54706,75529,20823
1,98309,130199,31890
1,157000,192642,35642
1,65032,102151,37119
0,61057,73326,12269
0,10405,15622,5217
1,83713,97248,13535
1,71711,105321,33610
1,101040,110611,9571
0,60083,101791,41708
0,130847,145179,14332
1,75000,101863,26863
0,64526,69627,5101
1,56000,76331,20331
0,74233,95345,21112
1,32000,33987,1987
1,37582,83116,45534
0,48295,50607,2312
0,158032,165163,7131
1,24000,50084,26084
0,105033,153740,48707
1,45000,68425,23425
0,146324,155915,9591
1,18985,58517,39532
1,50875,83868,32993
0,59476,86723,27247
0,81254,126798,45544
0,89676,134919,45243
0,138271,151693,13422
0,88956,104099,15143
1,130756,162313,31557
1,49363,79232,29869
1,76720,108732,32012
1,63157,70431,7274
0,101875,129745,27870
0,21403,41069,19666
1,18960,28895,9935
1,22808,33462,10654
1,16086,46869,30783
1,86000,119019,33019
0,198367,231356,32989
0,28054,56855,28801
0,83704,94288,10584
0,38161,57327,19166
0,36536,45847,9311
0,110214,121173,10959
0,37261,82213,44952
0,196424,200633,4209
1,100000,149435,49435
1,58718,68975,10257
1,41212,71286,30074
1,107876,124044,16168
1,36151,71426,35275
0,100507,108459,7952
0,28243,42319,14076
0,74032,82715,8683
0,161609,180581,18972
0,31545,62088,30543
0,119876,122182,2306
0,23990,24711,721
0,40891,48994,8103
0,42339,77548,35209
0,17485,40198,22713
0,83488,102626,19138
0,15210,20173,4963
0,50410,72230,21820
0,18222,29537,11315
0,68837,94560,25723
0,79585,116858,37273
0,28789,62147,33358
1,52030,65577,13547
1,22238,71160,48922
1,66738,87685,20947
0,24909,36023,11114
0,99667,108600,8933
0,134457,151742,17285
1,94305,133057,38752
1,19646,34836,15190
1,81234,117231,35997
1,30000,71909,41909
1,38396,72724,34328
1,73200,120491,47291
0,76200,120438,44238
0,67016,72889,5873
1,54668,102032,47364
1,29888,50913,21025
0,62804,110601,47797
0,52449,83999,31550
1,55554,61645,6091
0,49886,49969,83
1,71851,111738,39887
1,82082,130116,48034
0,63682,66491,2809
1,134000,147291,13291
1,27000,70520,43520
0,12483,21886,9403
1,162712,187063,24351
1,46926,55942,9016
1,93161,143008,49847
0,38382,75238,36856
1,65252,95636,30384
0,89515,115386,25871
0,34639,43657,9018
0,116298,131524,15226
1,60506,105759,45253
0,71042,115803,44761
1,81227,122891,41664
0,107604,130914,23310
0,90772,93423,2651
1,43596,46528,2932
1,45087,78152,33065
1,48886,60589,11703
1,78000,82812,4812
0,124300,126813,2513
1,27830,71311,43481
0,88116,111729,23613
1,50100,81220,31120
1,151021,195301,44280
0,91268,119705,28437
0,32515,77528,45013
1,150000,195048,45048
1,35209,43786,8577
1,58000,97582,39582
1,102929,119297,16368
0,52751,72769,20018
1,25238,39512,14274
0,26763,58571,31808
1,23000,65639,42639
1,42604,81477,38873
0,59753,77746,17993
0,118217,158790,40573
1,49093,64231,15138
0,26833,31750,4917
1,71453,120172,48719
1,92100,106490,14390
0,74539,82252,7713
1,37820,51586,13766
0,73703,101221,27518
0,165950,213819,47869
0,38807,70255,31448
0,124349,144653,20304
0,137644,166563,28919
0,114918,157131,42213
0,131648,170109,38461
1,82101,107908,25807
0,52002,86335,34333
0,157872,176489,18617
0,17235,38619,21384
0,41411,66669,25258
0,111500,125637,14137
0,99000,118974,19974
0,15174,63609,48435
1,145832,167590,21758
1,199816,204917,5101
1,180000,195911,15911
0,49909,81309,31400
0,62652,89529,26877
1,104863,144749,39886
1,47516,48130,614
0,42326,82281,39955
1,90000,126843,36843
1,60072,69898,9826
0,177342,221120,43778
0,104447,132011,27564
0,93974,104242,10268
1,155100,158520,3420
0,49644,64488,14844
1,85255,135110,49855
0,29173,49755,20582
1,68077,77942,9865
0,45842,62055,16213
1,28904,59178,30274
0,27400,28627,1227
0,80000,113403,33403
1,18000,18864,864
1,45000,48948,3948
0,63641,83708,20067
0,45995,93978,47983
1,19001,65246,46245
0,163770,208349,44579
1,97484,138999,41515
1,52344,71694,19350
0,98974,99568,594
0,64935,104878,39943
1,150212,179916,29704
1,34076,61596,27520
1,53900,68445,14545
1,117811,144366,26555
0,88489,135143,46654
0,27165,69224,42059
0,67012,73101,6089
0,59977,77854,17877
1,48321,58015,9694
1,51759,86801,35042
1,91791,133580,41789
0,34300,51580,17280
1,16312,66233,49921
1,85406,135239,49833
1,50176,67527,17351
0,47848,69662,21814
1,91753,107593,15840
1,36910,58295,21385
0,18469,26125,7656
0,32140,36338,4198
1,113636,145387,31751
0,14990,30414,15424
1,22000,35426,13426
0,93220,139177,45957
0,58849,73744,14895
1,36877,59312,22435
0,44779,84335,39556
0,78533,109793,31260
0,109120,158914,49794
0,20435,31693,11258
0,38402,63945,25543
1,167365,176982,9617
0,11477,41878,30401
0,27618,63327,35709
0,74824,78216,3392
0,105022,129375,24353
1,50000,93628,43628
1,186015,226729,40714
1,115477,150868,35391
1,100547,124173,23626
1,22045,53060,31015
0,36171,76388,40217
1,62455,73988,11533
1,12047,58396,46349
0,17181,64412,47231
0,150246,167815,17569
1,160584,167634,7050
0,21629,59863,38234
1,100000,129091,29091
0,76147,85457,9310
1,54598,94462,39864
0,118026,152450,34424
1,192300,197050,4750
1,104955,134376,29421
0,103642,123650,20008
0,79931,108916,28985
1,28827,54059,25232
0,42700,45342,2642
0,15063,34896,19833
1,31910,78048,46138
0,120496,142235,21739
0,108000,108735,735
1,36135,37857,1722
0,26590,38038,11448
0,36000,73093,37093
1,100902,129079,28177
1,101000,134342,33342
0,108289,127540,19251
1,102310,135787,33477
1,65000,90826,25826
1,30210,55812,25602
0,38425,83077,44652
0,134007,174383,40376
1,100000,144099,44099
0,87233,128883,41650
1,75035,123273,48238
1,58083,80113,22030
1,32172,58031,25859
0,71305,81185,9880
0,129558,179200,49642
0,63237,85159,21922
1,68209,99426,31217
1,20116,45749,25633
0,78656,86834,8178
0,31374,64846,33472
1,46364,82545,36181
0,54145,84233,30088
1,70702,79453,8751
0,19288,64337,45049
0,97038,110674,13636
1,113303,150405,37102
0,122734,161711,38977
0,147701,188369,40668
0,194400,210326,15926
0,183215,224961,41746
1,34000,82090,48090
0,113153,118580,5427
1,10996,16979,5983
0,158143,177432,19289
0,18904,29455,10551
1,49865,51963,2098
0,46953,56233,9280
1,42551,54135,11584
0,93855,97299,3444
1,87000,133663,46663
0,162419,207741,45322
1,64036,92544,28508
1,84804,104286,19482
0,36454,56424,19970
0,81874,101182,19308
1,41000,82703,41703
1,80766,112224,31458
0,16576,54465,37889
0,89036,128536,39500
1,159071,204482,45411
1,68298,89500,21202
0,62011,72903,10892
0,34947,45747,10800
1,11100,39339,28239
1,29327,46818,17491
1,44912,81685,36773
1,73100,89951,16851
0,104348,139569,35221
0,58977,67396,8419
0,78171,122662,44491
0,51435,82877,31442
0,79654,89249,9595
1,13079,53062,39983
1,30864,32547,1683
1,41869,70282,28413
0,106902,134387,27485
1,91561,117402,25841
1,85000,105274,20274
0,44583,46557,1974
0,96442,123370,26928
0,73474,76176,2702
1,81905,96581,14676
1,28000,57539,29539
0,121872,141492,19620
0,77700,93559,15859
1,19760,60333,40573
1,29341,32949,3608
0,26563,69788,43225
0,99120,109899,10779
0,151314,182346,31032
0,73500,96894,23394
1,32341,70585,38244
1,116000,121892,5892
1,50281,94585,44304
1,120505,126878,6373
0,114560,161040,46480
1,163785,206387,42602
1,40474,73728,33254
1,95822,104078,8256
0,80315,106998,26683
1,71472,98643,27171
0,65628,83952,18324
1,54480,90365,35885
1,60367,84156,23789
0,25396,56390,30994
1,43000,72339,29339
0,66460,113389,46929
0,69965,79824,9859
1,34047,54283,20236
0,41363,63878,22515
0,37103,78734,41631
1,47391,57203,9812
1,97000,143136,46136
1,44456,63564,19108
1,93982,124465,30483
1,89531,96618,7087
0,164705,172481,7776
1,28000,67910,39910
1,134708,166441,31733
0,66684,89900,23216
1,11391,46508,35117
0,36576,41922,5346
1,37177,59937,22760
1,34000,36298,2298
1,193000,202962,9962
0,80505,108669,28164
0,83577,90045,6468
0,75013,98657,23644
1,40455,52341,11886
0,52645,67835,15190
1,25504,55844,30340
0,59373,87520,28147
0,19827,47134,27307
1,85000,94686,9686
0,15058,42405,27347
1,149440,194206,44766
1,107075,151389,44314
0,51031,68379,17348
1,75943,91905,15962
0,170573,182219,11646
0,81523,107273,25750
0,143000,147331,4331
0,19213,59119,39906
1,34000,47246,13246
1,46000,85073,39073
0,73460,102903,29443
1,72427,114164,41737
0,21974,68167,46193
0,55700,99001,43301
0,34652,80180,45528
1,47345,77398,30053
1,119000,140956,21956
1,27181,44880,17699
1,97000,98162,1162
0,84462,112670,28208
1,190413,219713,29300
1,45479,95316,49837
1,132470,157276,24806
1,80214,116234,36020
1,67216,106218,39002
0,15800,56197,40397
1,28911,68270,39359
0,97377,107515,10138
0,12689,32644,19955
1,19847,29591,9744
0,195311,207352,12041
0,72483,104780,32297
1,136000,179689,43689
1,11846,60499,48653
0,36307,53202,16895
0,18149,27856,9707
1,150195,174885,24690
0,113315,117914,4599
0,124317,159724,35407
1,92454,116674,24220
0,45228,73917,28689
1,64443,107420,42977
0,122700,169282,46582
0,28009,36025,8016
1,80248,122382,42134
0,28323,43323,15000
0,15833,31258,15425
0,62628,88570,25942
0,57638,69853,12215
0,66945,84059,17114
0,59464,92624,33160
1,153216,176355,23139
1,49516,88625,39109
0,134531,161538,27007
1,138644,164850,26206
1,105000,140553,35553
1,41600,60538,18938
1,46143,83285,37142
1,29880,57115,27235
1,42000,88636,46636
1,101854,145611,43757
0,47766,87500,39734
0,89304,114705,25401
0,146533,194769,48236
0,27171,44406,17235
0,168323,170030,1707
0,52268,100649,48381
0,47546,72314,24768
1,56083,93190,37107
0,94562,113410,18848
0,55561,98923,43362
0,54618,90245,35627
0,46010,51747,5737
1,37649,46400,8751
1,180828,195007,14179
0,28340,32223,3883
1,99907,137160,37253
1,90750,130006,39256
1,33943,72759,38816
1,126681,157699,31018
0,56000,59886,3886
1,43200,77702,34502
1,23026,47780,24754
1,130653,172168,41515
1,45889,89901,44012
1,110100,149048,38948
0,15312,31419,16107
0,127965,144546,16581
1,57792,60405,2613
1,85000,131707,46707
1,50302,65264,14962
0,38588,38715,127
0,150363,184937,34574
0,19844,42286,22442
1,45571,62400,16829
1,140991,144801,3810
1,49637,53778,4141
1,54046,60481,6435
1,66788,88524,21736
0,65842,94517,28675
1,24776,67971,43195
1,95945,127443,31498
1,50000,92564,42564
1,77500,100246,22746
0,44006,73743,29737
0,88660,93006,4346
1,158000,172520,14520
1,39333,85813,46480
1,167623,184421,16798
1,54953,98245,43292
0,22912,69190,46278
1,75000,121023,46023
0,54686,89710,35024
1,197612,217670,20058
0,19322,67271,47949
0,17183,49419,32236
1,35591,57365,21774
1,50301,94913,44612
0,85657,116264,30607
1,37298,66190,28892
0,122960,153872,30912
1,49104,90809,41705
0,10650,26836,16186
1,93862,109028,15166
1,42286,74934,32648
0,100000,128593,28593
1,43920,54615,10695
1,114664,157748,43084
1,18128,47269,29141
0,44900,70836,25936
0,41168,83304,42136
0,100395,150196,49801
1,52948,82561,29613
0,51995,77738,25743
0,23337,28664,5327
0,150591,157305,6714
0,11465,51072,39607
1,17543,64058,46515
0,35629,43738,8109
0,65388,112193,46805
1,50251,63121,12870
1,88191,109098,20907
1,46302,79562,33260
0,142565,190330,47765
0,43562,90554,46992
0,145530,145919,389
1,60446,86819,26373
1,41114,85494,44380
0,20071,55802,35731
0,48882,71396,22514
0,126448,129115,2667
1,130112,133790,3678
1,34000,63412,29412
0,57339,69727,12388
0,41641,42497,856
0,17186,52811,35625
1,24000,64176,40176
1,76882,125555,48673
1,17067,66239,49172
1,79467,100757,21290
0,135876,181858,45982
1,27000,30473,3473
0,104027,132437,28410
0,75129,91974,16845
0,66235,75379,9144
0,85654,127074,41420
1,34344,67537,33193
0,196948,225614,28666
0,70375,82504,12129
1,117750,148125,30375
1,23654,27936,4282
1,68000,112656,44656
1,39000,83222,44222
1,93077,123057,29980
1,124189,173881,49692
0,22647,45659,23012
0,79152,95756,16604
0,38116,46767,8651
0,68180,76062,7882
0,61288,80543,19255
1,32246,48869,16623
0,42934,59021,16087
0,54500,56593,2093
0,61783,104336,42553
1,16234,56603,40369
0,68860,96153,27293
1,78353,122088,43735
0,54379,86297,31918
1,20620,42511,21891
0,82385,82673,288
0,123785,153805,30020
0,77931,108748,30817
0,34289,73028,38739
0,100000,108968,8968
1,102991,131497,28506
1,89416,129378,39962
1,20000,48184,28184
0,160826,187951,27125
1,34301,40037,5736
0,21402,38662,17260
0,159678,198057,38379
0,136003,142802,6799
1,52590,91267,38677
1,109777,133620,23843
0,145571,170959,25388
1,138293,177166,38873
1,36918,72561,35643
1,175395,193365,17970
0,88000,107325,19325
1,115000,136016,21016
1,161463,180969,19506
0,67903,85218,17315
0,85000,117540,32540
1,107064,132620,25556
1,31692,71982,40290
0,112009,127990,15981
0,17990,66591,48601
1,65891,102616,36725
1,163000,212075,49075
0,82417,130144,47727
1,33736,42425,8689
1,17000,56436,39436
1,70800,102543,31743
0,137876,177533,39657
1,62249,96569,34320
1,18652,67708,49056
1,37671,48121,10450
0,66728,95265,28537
0,23248,41521,18273
1,54508,103751,49243
1,32764,61261,28497
1,127198,129948,2750
0,23000,34215,11215
0,40605,63615,23010
0,15191,62312,47121
0,55948,96662,40714
1,68190,106638,38448
0,41837,83865,42028
1,96730,110281,13551
1,77365,115011,37646
1,98323,133226,34903
1,100969,118808,17839
1,11300,27839,16539
1,50220,64967,14747
1,73000,113456,40456
0,64807,65082,275
0,63587,69100,5513
0,53330,80445,27115
0,98705,105056,6351
1,32306,51761,19455
0,16180,37951,21771
0,15314,38883,23569
0,71473,76024,4551
1,53839,93514,39675
1,10593,19712,9119
0,98167,144271,46104
1,94871,138112,43241
1,161009,190960,29951
1,51931,87122,35191
1,34200,70397,36197
0,47232,71574,24342
0,86576,126307,39731
0,111006,113458,2452
1,133850,152558,18708
1,180100,196488,16388
0,52603,91157,38554
0,70825,119555,48730
1,148338,149782,1444
1,129840,153751,23911
1,15000,32411,17411
0,59206,84674,25468
0,44958,75496,30538
0,55978,58826,2848
1,43527,74990,31463
1,151201,197493,46292
0,52992,66291,13299
1,90000,127190,37190
1,153000,179302,26302
0,61202,104688,43486
0,52551,89836,37285
1,54684,85434,30750
1,89000,137488,48488
0,51257,88603,37346
1,18966,58505,39539
0,76003,95989,19986
0,87594,102896,15302
0,55091,59158,4067
0,82454,100151,17697
0,50759,75618,24859
1,151625,181610,29985
1,40000,76038,36038
0,90000,113313,23313
0,71547,108187,36640
0,28880,71128,42248
0,109723,147967,38244
0,65894,78646,12752
1,19000,54506,35506
0,142839,144315,1476
1,52265,84703,32438
1,15218,42190,26972
1,57850,66112,8262
0,15941,30430,14489
0,62300,84069,21769
0,155536,195045,39509
0,10852,41535,30683
1,44634,92649,48015
0,23235,38015,14780
1,10974,11820,846
0,89916,121116,31200
0,105000,148166,43166
0,15834,23019,7185
0,137744,155686,17942
0,52378,60665,8287
1,86000,130587,44587
1,26928,47431,20503
0,21837,34212,12375
0,41178,86276,45098
0,90483,103117,12634
0,65257,73658,8401
0,34605,54997,20392
1,39769,71188,31419
1,34470,82558,48088
1,65687,115178,49491
1,48689,58258,9569
0,68700,81867,13167
1,33859,38594,4735
1,34000,76118,42118
0,23872,49993,26121
0,77517,89894,12377
0,54524,71373,16849
1,31000,34844,3844
1,64000,84516,20516
1,54994,60836,5842
0,28652,57747,29095
1,33649,54306,20657
1,103528,153223,49695
1,104629,114495,9866
0,30107,66369,36262
0,97350,103587,6237
0,38002,82519,44517
0,81372,87149,5777
0,73081,79157,6076
0,34000,40828,6828
1,133136,179119,45983
0,117982,151904,33922
0,167367,180595,13228
0,140269,182078,41809
0,55658,103158,47500
0,53663,66423,12760
0,61469,108596,47127
1,86074,110023,23949
1,94128,138831,44703
0,162304,184618,22314
0,56788,59174,2386
0,23607,39532,15925
1,12201,50132,37931
0,63985,81163,17178
1,71438,73199,1761
1,126960,170972,44012
1,83810,104947,21137
0,39872,81519,41647
1,77958,114706,36748
1,101398,121430,20032
0,74537,123221,48684
0,32181,67958,35777
1,56583,92433,35850
1,58394,87133,28739
1,50970,61866,10896
1,125107,172427,47320
0,81870,114350,32480
1,42699,63844,21145
1,18327,61576,43249
0,43316,55662,12346
1,37000,53857,16857
0,158829,205037,46208
0,141008,172929,31921
1,110000,125973,15973
1,48146,52316,4170
1,48145,92203,44058
0,84456,87681,3225
0,72896,75234,2338
0,46141,50530,4389
0,155905,191315,35410
0,40198,45948,5750
1,80365,105251,24886
1,80782,98560,17778
0,36767,72720,35953
0,88359,106227,17868
1,23925,64740,40815
0,71280,71707,427
1,100201,105403,5202
1,32318,52191,19873
1,35014,84839,49825
0,58100,77865,19765
0,48889,53127,4238
1,165000,168618,3618
0,14359,23370,9011
0,130298,166132,35834
0,58345,106842,48497
0,29965,66570,36605
0,40344,74886,34542
1,169000,172951,3951
1,48993,78243,29250
0,37905,63918,26013
0,42451,52537,10086
1,62418,97584,35166
1,30409,56198,25789
1,174464,217337,42873
0,36354,36686,332
0,18235,57419,39184
0,15070,22447,7377
1,124877,147319,22442
1,27820,71671,43851
0,31131,42535,11404
0,33476,67454,33978
1,58248,70354,12106
0,72880,99423,26543
0,89288,98181,8893
0,51885,92008,40123
1,124000,139676,15676
0,157755,179020,21265
0,114798,125736,10938
0,49479,85956,36477
0,179682,183956,4274
1,32000,37134,5134
1,34652,78552,43900
1,165854,200911,35057
0,33105,53568,20463
1,37751,67913,30162
1,60000,66184,6184
1,104790,113399,8609
0,23971,63809,39838
0,51392,68754,17362
0,61972,99335,37363
0,56408,59868,3460
0,120928,150992,30064
0,40841,51749,10908
0,95692,138576,42884
0,43535,50119,6584
1,75997,100098,24101
0,12468,58930,46462
0,42136,62733,20597
1,150000,194240,44240
0,62330,100393,38063
0,43203,79077,35874
0,12303,19953,7650
0,91686,107386,15700
1,70533,88399,17866
0,34860,42848,7988
1,53786,100595,46809
1,61000,83064,22064
1,110000,113651,3651
0,79051,85231,6180
0,34234,62565,28331
0,67893,97986,30093
1,53800,88253,34453
0,116477,150232,33755
0,85625,113944,28319
0,83676,84433,757
0,65142,84333,19191
0,81315,125128,43813
0,128005,139603,11598
1,60902,69706,8804
1,30509,36024,5515
1,28483,43510,15027
0,149399,151537,2138
0,53138,89328,36190
1,75673,119505,43832
1,120361,160458,40097
1,55173,90354,35181
0,94671,96457,1786
0,135739,167157,31418
1,186000,188834,2834
1,81980,102746,20766
1,114934,152914,37980
0,80204,96897,16693
0,31886,49988,18102
0,104775,123521,18746
1,14800,31137,16337
1,12128,22941,10813
1,55088,92572,37484
1,39477,88384,48907
1,24944,37047,12103
0,64882,90535,25653
0,128911,173055,44144
1,134000,152824,18824
1,50000,98861,48861
1,130000,144380,14380
0,93170,124827,31657
1,36767,64595,27828
0,81795,130515,48720
1,185739,189533,3794
0,85369,127593,42224
1,102071,148534,46463
1,43534,92869,49335
1,25100,72751,47651
1,90453,119503,29050
1,82042,129133,47091
1,80000,98635,18635
0,55552,104611,49059
0,196832,205705,8873
1,69729,79118,9389
0,34078,34280,202
1,173253,215360,42107
1,118491,132688,14197
1,15648,54859,39211
0,20486,67116,46630
1,65315,104731,39416
1,102586,123432,20846
1,39120,79849,40729
1,54946,76032,21086
1,35046,80203,45157
0,39337,89101,49764
0,101715,143800,42085
0,17137,53418,36281
0,142862,178888,36026
0,79872,92353,12481
1,151752,187333,35581
1,88037,96222,8185
0,72565,108733,36168
0,85270,87231,1961
1,115000,144685,29685
1,59200,77223,18023
1,76800,102946,26146
1,155250,176310,21060
1,37094,70767,33673
0,165661,215636,49975
1,118730,158137,39407
0,36472,72837,36365
0,66362,74275,7913
1,135100,155545,20445
1,10083,49284,39201
1,121953,142118,20165
1,192660,220597,27937
1,76131,89517,13386
0,49839,76593,26754
0,33330,37272,3942
0,44008,52702,8694
1,102922,134157,31235
1,154000,179892,25892
1,55338,60039,4701
1,103016,104141,1125
0,98562,120003,21441
0,66189,105022,38833
0,14000,19609,5609
1,47822,48815,993
0,18569,32861,14292
1,28612,36827,8215
1,19438,39065,19627
0,73559,77081,3522
0,91597,111692,20095
1,61300,81500,20200
1,102670,116766,14096
0,63579,71761,8182
1,70506,70551,45
0,88940,129872,40932
1,42000,59719,17719
0,119632,164581,44949
1,55681,62123,6442
1,138736,149453,10717
0,112992,137129,24137
1,57000,71550,14550
1,54897,74420,19523
1,19873,43357,23484
0,48260,60116,11856
0,80504,89275,8771
1,14292,41390,27098
1,97445,121381,23936
0,22180,41524,19344
1,28000,48980,20980
1,83150,110437,27287
1,46978,96675,49697
0,67724,70060,2336
0,18025,23758,5733
0,40142,85853,45711
0,74328,113119,38791
1,50000,62568,12568
0,49309,71003,21694
1,29000,71579,42579
0,54291,84916,30625
0,74083,120346,46263
1,12283,35404,23121
0,180360,195018,14658
0,35913,60833,24920
1,32247,41614,9367
1,102795,109405,6610
0,42900,55813,12913
0,158344,161644,3300
0,20935,66474,45539
1,10143,51708,41565
1,96086,131552,35466
0,40732,61643,20911
0,23635,68045,44410
0,40466,88610,48144
1,83659,128562,44903
0,70545,74018,3473
0,73839,108944,35105
0,85000,116225,31225
0,39999,40922,923
1,95983,132607,36624
0,31693,56887,25194
0,98750,141976,43226
1,108569,141648,33079
1,22074,22611,537
0,89000,94970,5970
1,90865,136175,45310
0,64916,67813,2897
0,175549,205811,30262
1,30447,75552,45105
1,67000,109361,42361
1,23607,45922,22315
0,86201,100956,14755
1,31822,53921,22099
0,40198,43778,3580
0,14181,37797,23616
0,163034,171402,8368
0,109061,146663,37602
1,82000,104348,22348
0,54588,57254,2666
0,56000,92831,36831
0,120213,160716,40503
0,123178,143815,20637
1,36449,51671,15222
1,17328,56593,39265
1,74029,113667,39638
1,160736,169178,8442
1,60000,108016,48016
1,25053,34425,9372
0,171725,187660,15935
0,148518,167127,18609
1,154906,183751,28845
1,17000,54698,37698
0,22635,35471,12836
0,90599,125390,34791
1,100492,124922,24430
0,78387,108877,30490
1,122157,159237,37080
0,53999,84895,30896
0,73665,119702,46037
1,21559,27245,5686
0,34708,81335,46627
1,14637,61125,46488
1,43000,89729,46729
1,76766,79772,3006
0,131350,134068,2718
1,170120,192751,22631
1,66791,90178,23387
1,78000,99693,21693
0,61265,98605,37340
1,70209,94836,24627
1,40000,80835,40835
1,162424,187149,24725
0,16356,61420,45064
1,47650,74919,27269
1,148787,165799,17012
0,117727,125622,7895
1,185000,229756,44756
1,74600,97124,22524
0,77984,85303,7319
1,42000,46203,4203
0,36513,82090,45577
0,63042,101705,38663
1,41680,48428,6748
0,61200,97475,36275
1,59056,64046,4990
1,11440,54113,42673
1,64000,92750,28750
0,21592,29798,8206
1,24773,27341,2568
1,148999,160934,11935
1,77000,121402,44402
0,28911,68036,39125
0,118563,138379,19816
0,33133,35958,2825
1,32070,57363,25293
0,59099,71600,12501
1,13900,46288,32388
0,64924,102198,37274
0,51574,58001,6427
0,17499,53776,36277
0,53679,67101,13422
0,65238,77898,12660
1,33522,58067,24545
0,55868,72460,16592
0,121408,130904,9496
0,11994,30289,18295
0,172974,191370,18396
0,37392,62022,24630
0,99321,146840,47519
0,56086,56390,304
1,110000,148484,38484
0,31388,34931,3543
1,61028,97481,36453
1,164935,165875,940
1,33534,77718,44184
1,46463,74885,28422
0,14135,60437,46302
1,78256,121674,43418
0,75557,116510,40953
1,68109,85592,17483
1,55650,75165,19515
0,55052,60020,4968
1,35391,76279,40888
1,65065,66528,1463
0,22478,26236,3758
1,174854,214620,39766
1,53315,97699,44384
0,132964,156235,23271
1,123763,146150,22387
0,102315,146176,43861
0,21478,24329,2851
0,60065,108775,48710
1,99529,110567,11038
0,157790,167020,9230
0,145624,178149,32525
0,130484,134640,4156
1,56446,90207,33761
0,134720,162679,27959
1,94000,112305,18305
1,37196,80820,43624
0,88154,118350,30196
1,67537,76174,8637
0,86318,117347,31029
0,40057,75720,35663
0,46003,94363,48360
0,15057,41443,26386
0,111587,159616,48029
1,51785,61413,9628
1,99629,121104,21475
1,91308,127350,36042
1,170000,200539,30539
1,80995,98410,17415
0,77941,109924,31983
0,165587,177850,12263
1,122975,166482,43507
0,11320,59630,48310
0,12717,26577,13860
1,60000,104709,44709
1,175678,176969,1291
0,43004,71081,28077
1,52000,74375,22375
1,59149,85343,26194
0,55991,59284,3293
0,33500,69440,35940
0,171922,193114,21192
1,50000,78288,28288
1,41000,46188,5188
1,26000,53508,27508
0,53439,73572,20133
1,67751,89824,22073
0,54454,57135,2681
1,118337,124400,6063
1,24617,65483,40866
0,165735,165834,99
0,74933,96084,21151
1,87599,131330,43731
0,51958,100493,48535
0,97606,118902,21296
0,39700,51775,12075
1,117093,155241,38148
0,115420,116362,942
0,146995,158573,11578
1,91057,135775,44718
0,34724,37945,3221
0,35466,44331,8865
1,60875,103171,42296
1,20464,25556,5092
1,77795,123657,45862
1,35125,56647,21522
1,132625,144269,11644
1,81475,114983,33508
1,20661,44887,24226
0,75245,97650,22405
0,114977,147194,32217
0,30213,41348,11135
0,137256,165391,28135
0,93104,129440,36336
1,147194,167870,20676
1,10463,57331,46868
0,56909,105211,48302
0,129879,171337,41458
1,30209,73733,43524
0,44594,80125,35531
0,57860,63026,5166
0,18500,59621,41121
0,90695,109282,18587
1,21479,51866,30387
1,98215,130612,32397
1,16337,55049,38712
0,13770,22415,8645
0,82907,97141,14234
0,25309,34312,9003
0,27553,43240,15687
1,132190,143163,10973
0,80621,122166,41545
1,74984,76359,1375
0,108749,143711,34962
0,85337,112400,27063
1,130000,146955,16955
1,18272,41752,23480
0,54735,73629,18894
0,136900,159110,22210
0,110800,142227,31427
0,47998,95915,47917
0,99291,99942,651
0,114980,134876,19896
0,24822,62233,37411
1,46200,92450,46250
0,63917,71214,7297
1,21050,47627,26577
1,79596,126868,47272
1,36197,60345,24148
1,29899,42153,12254
0,176231,212319,36088
1,25122,42286,17164
0,65310,66688,1378
1,28841,36074,7233
1,119501,148923,29422
1,82073,86491,4418
1,51316,97019,45703
0,69236,118877,49641
0,133727,153414,19687
1,71372,93308,21936
0,110763,113445,2682
0,39346,75977,36631
0,37697,45898,8201
0,65488,102691,37203
0,100000,105117,5117
0,52632,90907,38275
1,27400,71597,44197
0,79844,85905,6061
0,40205,84623,44418
0,179075,184501,5426
0,21360,70401,49041
0,38095,43843,5748
1,19000,44108,25108
0,91391,126785,35394
0,80522,89337,8815
1,52111,93758,41647
0,43042,46685,3643
1,21627,26657,5030
1,70000,95301,25301
1,51354,70961,19607
1,25621,45715,20094
0,114864,122819,7955
0,63353,76103,12750
0,53366,99649,46283
1,138369,187655,49286
0,22301,52279,29978
1,59543,76288,16745
0,29895,31623,1728
1,40000,46680,6680
0,96056,124638,28582
0,59628,66935,7307
0,143937,177147,33210
0,31336,34496,3160
0,85392,134545,49153
1,54396,63905,9509
0,95027,123754,28727
1,44312,68319,24007
0,13330,31006,17676
0,38087,42898,4811
0,90132,112665,22533
1,75907,118786,42879
0,125314,135887,10573
1,193406,213494,20088
0,94425,114412,19987
0,16257,41314,25057
0,64244,101979,37735
0,118829,136100,17271
0,120000,149875,29875
0,109140,136588,27448
0,60529,68735,8206
1,104385,133008,28623
1,13929,35612,21683
0,33987,34213,226
1,23749,25870,2121
0,31000,59105,28105
0,52950,101563,48613
1,54000,99961,45961
0,52181,96738,44557
1,140000,157486,17486
1,48623,73622,24999
1,110000,114163,4163
0,29331,72043,42712
1,98138,146000,47862
1,103000,123253,20253
1,92345,142134,49789
0,75016,76431,1415
0,163785,201877,38092
0,12339,14822,2483
1,35000,58977,23977
1,79085,96476,17391
0,40245,66576,26331
0,145326,194311,48985
1,62389,104909,42520
0,71276,91146,19870
0,41625,47282,5657
1,11000,36254,25254
0,55991,77191,21200
0,132461,148355,15894
0,37113,44786,7673
1,50174,60939,10765
0,159020,176319,17299
1,131265,151813,20548
0,74982,95555,20573
0,38500,52793,14293
1,142494,156680,14186
0,74084,115085,41001
0,44437,60300,15863
1,100562,122585,22023
1,168101,191614,23513
1,107965,156132,48167
0,46519,53705,7186
1,23459,53313,29854
1,34961,69858,34897
0,66055,91150,25095
1,49465,73883,24418
1,21039,42963,21924
1,49123,74722,25599
0,186168,216399,30231
0,112900,130621,17721
1,21355,70614,49259
1,125000,151644,26644
1,10400,16510,6110
1,56153,92871,36718
0,41099,47191,6092
0,37942,48517,10575
0,21338,56806,35468
0,162600,169844,7244
0,71830,103882,32052
1,66500,98237,31737
1,70419,74127,3708
1,79182,92207,13025
0,155015,162451,7436
0,182626,200650,18024
0,94776,140087,45311
1,90682,97434,6752
0,91987,107369,15382
1,12852,54949,42097
0,10907,33429,22522
1,21391,44747,23356
0,15995,42132,26137
1,130000,155881,25881
1,100587,130450,29863
1,72982,117242,44260
0,137599,173740,36141
1,125195,162765,37570
1,50855,72544,21689
0,166891,190214,23323
0,52725,86472,33747
0,38453,65488,27035
1,40000,61471,21471
0,56591,97593,41002
1,70850,108510,37660
1,167874,189248,21374
1,20346,31326,10980
1,25752,55961,30209
1,36953,83081,46128
0,98421,144363,45942
1,72623,91175,18552
0,141533,155555,14022
0,117814,129631,11817
0,37618,45962,8344
0,149778,152291,2513
0,61513,87371,25858
1,77176,105081,27905
0,173165,199517,26352
0,110899,150978,40079
1,154017,156195,2178
0,111055,153777,42722
1,132000,181902,49902
0,27992,49683,21691
0,61866,100020,38154
0,16223,31514,15291
0,83975,98654,14679
0,105455,121480,16025
1,53902,103345,49443
0,35250,79620,44370
0,51327,52905,1578
1,19717,48383,28666
1,87472,122611,35139
1,112836,140253,27417
1,72168,81845,9677
0,64815,106800,41985
0,67704,116811,49107
0,105639,117461,11822
1,15978,61475,45497
0,73261,104877,31616
0,38244,73993,35749
0,86527,95182,8655
1,15239,42576,27337
0,78058,120318,42260
1,29479,64941,35462
1,44407,56660,12253
1,65447,95825,30378
0,87715,95520,7805
1,69936,90706,20770
0,50224,80979,30755
0,53312,95536,42224
1,64635,85427,20792
0,55930,63205,7275
0,78358,114287,35929
1,90308,129905,39597
1,50426,93977,43551
1,72000,105249,33249
0,17701,22623,4922
1,27957,72283,44326
0,131439,163476,32037
0,132816,136602,3786
0,80218,98484,18266
1,130747,157175,26428
1,70000,84566,14566
0,69250,74440,5190
0,148780,176669,27889
0,88568,102191,13623
0,37317,46869,9552
1,23000,27660,4660
0,58863,78948,20085
0,43179,59008,15829
1,32757,34569,1812
1,130400,171426,41026
1,39242,84735,45493
1,83036,91286,8250
0,62789,90279,27490
1,61757,89058,27301
0,181592,216511,34919
0,150411,191086,40675
0,56644,60416,3772
0,75657,79293,3636
0,40746,55235,14489
0,44911,69712,24801
1,87406,113432,26026
1,16010,21313,5303
1,120930,153599,32669
0,23754,57011,33257
1,45000,60017,15017
0,178593,188738,10145
1,32208,71385,39177
0,130157,162030,31873
0,53115,65113,11998
1,101042,146605,45563
1,16703,55095,38392
1,43502,90612,47110
1,17731,64127,46396
0,68903,84905,16002
1,165000,178789,13789
0,33237,64551,31314
1,29000,56530,27530
1,192000,235025,43025
0,111804,113376,1572
1,160000,205903,45903
1,70688,94976,24288
0,176260,195444,19184
0,11564,56000,44436
0,84144,93356,9212
1,60837,92727,31890
0,83236,115198,31962
0,65270,69289,4019
1,32000,72584,40584
1,11527,60673,49146
1,22116,47495,25379
0,117400,127381,9981
0,119846,136510,16664
1,107036,136605,29569
0,31994,62811,30817
0,158594,198807,40213
1,15670,54056,38386
0,48151,61041,12890
0,145000,163303,18303
1,122214,147038,24824
0,129450,145319,15869
0,62179,89925,27746
1,46626,93103,46477
0,35595,79469,43874
0,108000,133513,25513
0,66525,93665,27140
0,13299,20826,7527
1,66280,69699,3419
0,52385,81169,28784
0,12156,40277,28121
0,52608,92520,39912
0,10579,49269,38690
0,62994,96301,33307
0,42495,86709,44214
1,84785,117971,33186
0,75397,88854,13457
0,68095,102166,34071
0,136642,161040,24398
0,20961,33285,12324
1,20087,67416,47329
0,65311,100208,34897
0,61891,82535,20644
1,69789,104089,34300
1,120000,149966,29966
1,121181,154766,33585
0,54881,88883,34002
0,52567,63730,11163
1,85232,93665,8433
1,73301,74445,1144
0,77259,93182,15923
0,57207,75617,18410
0,148234,170227,21993
1,147654,189193,41539
1,121088,155590,34502
0,42000,54530,12530
0,84462,122041,37579
0,67447,80352,12905
1,71227,94749,23522
0,58748,78189,19441
0,35597,41957,6360
1,126150,165236,39086
1,148073,162208,14135
1,31000,40382,9382
0,145951,162171,16220
1,10144,17382,7238
1,21000,50580,29580
0,101000,114564,13564
1,49899,83227,33328
1,94719,142780,48061
1,65000,85560,20560
1,58590,62644,4054
1,109137,132219,23082
1,65000,91784,26784
1,10252,37944,27692
1,14500,60301,45801
0,48059,62911,14852
0,68915,101739,32824
0,121301,157968,36667
1,15214,51206,35992
1,19117,25525,6408
1,126085,161957,35872
0,172937,182799,9862
0,179875,197980,18105
0,17089,29226,12137
0,65887,102703,36816
1,89559,91163,1604
0,41291,88081,46790
1,49290,63747,14457
1,77704,124489,46785
0,45848,94382,48534
1,55556,86887,31331
1,115027,150159,35132
1,19505,44383,24878
1,102000,123996,21996
1,40828,79729,38901
0,140287,161812,21525
1,120000,127836,7836
1,27322,41316,13994
0,65609,106926,41317
1,57956,65577,7621
0,49675,86044,36369
1,26753,50055,23302
1,168568,217964,49396
1,100000,118202,18202
0,115167,117149,1982
1,50418,96836,46418
1,96072,140688,44616
0,60525,66463,5938
0,60415,94298,33883
1,94567,95989,1422
0,118733,129512,10779
0,41078,73677,32599
0,39880,65563,25683
0,92278,131439,39161
0,61777,64838,3061
0,34665,72390,37725
0,66673,113159,46486
0,142693,147950,5257
1,114498,152903,38405
0,58915,84951,26036
0,19089,28754,9665
1,30378,73627,43249
1,14175,21700,7525
1,79226,102107,22881
1,24592,53757,29165
0,136548,158400,21852
0,69856,71524,1668
0,70837,118704,47867
1,25991,71813,45822
1,47914,66566,18652
1,54585,63689,9104
1,130002,152792,22790
0,62500,67808,5308
0,50545,81787,31242
1,143623,159761,16138
1,108667,125501,16834
0,61387,96637,35250
1,55000,73138,18138
0,139218,145661,6443
0,35389,36285,896
1,83000,84251,1251
1,84874,119997,35123
0,47004,54799,7795
0,125565,129623,4058
1,55483,72704,17221
0,97107,127949,30842
0,61292,66389,5097
0,173469,204100,30631
0,164976,184688,19712
1,39599,86056,46457
1,34429,82940,48511
1,87846,102897,15051
0,13156,32107,18951
1,18220,34870,16650
1,131100,156714,25614
1,155000,194755,39755
0,102159,124007,21848
0,40098,41844,1746
0,31156,40080,8924
1,116558,124468,7910
0,45439,89694,44255
0,62294,83081,20787
0,29568,52851,23283
1,118000,122924,4924
0,73026,93162,20136
0,74757,89857,15100
0,68033,88987,20954
1,66000,111090,45090
1,32127,57168,25041
1,167269,189122,21853
1,153852,191671,37819
1,147966,162648,14682
0,60947,77126,16179
0,88724,131378,42654
1,58348,73706,15358
1,32662,39863,7201
0,153233,188786,35553
1,193519,241944,48425
0,112045,126719,14674
0,32444,76417,43973
0,144896,168639,23743
1,59715,82647,22932
1,94349,124048,29699
0,43795,50477,6682
0,23920,64378,40458
1,21293,24426,3133
1,31554,75571,44017
1,40000,70596,30596
1,137273,142732,5459
1,117051,120874,3823
0,44045,53794,9749
1,133801,164227,30426
0,74309,97036,22727
0,11896,51036,39140
0,108985,143467,34482
0,68879,81447,12568
1,25732,51672,25940
0,163410,183793,20383
0,37196,73187,35991
1,22869,31384,8515
1,35910,37629,1719
1,103400,115365,11965
1,130003,162454,32451
1,77335,109214,31879
0,119474,132111,12637
1,55000,90295,35295
1,153558,199524,45966
0,95599,116335,20736
1,71995,113902,41907
1,36934,54048,17114
1,35622,62611,26989
1,34921,60728,25807
0,23872,47796,23924
1,61596,69632,8036
0,34238,80867,46629
1,147975,171872,23897
0,144957,155328,10371
0,117786,146073,28287
0,42257,75253,32996
0,72802,95413,22611
0,144956,164004,19048
1,31000,59971,28971
0,124190,142677,18487
1,39298,75605,36307
0,43550,91321,47771
1,25106,40250,15144
1,29779,58608,28829
0,63602,84505,20903
0,38247,56533,18286
0,160597,176397,15800
0,36399,72971,36572
1,85426,116063,30637
0,58663,78616,19953
0,41825,68102,26277
0,95958,116910,20952
0,43955,47577,3622
0,43224,82825,39601
1,14526,50301,35775
1,61958,99111,37153
0,108416,140067,31651
0,63242,98201,34959
0,11500,36170,24670
1,86652,104691,18039
1,58500,92055,33555
1,32000,35254,3254
0,154779,184978,30199
0,67934,78421,10487
1,55011,100939,45928
0,72054,106287,34233
0,176553,213812,37259
1,15316,16939,1623
0,28525,37730,9205
1,52000,92202,40202
1,101000,109882,8882
0,82980,119500,36520
0,100534,101369,835
0,34940,67210,32270
1,130252,172634,42382
0,178198,216483,38285
0,71391,92063,20672
1,54788,72074,17286
0,105759,153423,47664
1,50000,61024,11024
0,18385,43475,25090
1,30000,70542,40542
1,70000,108911,38911
0,70733,82239,11506
0,63218,73270,10052
0,155783,157865,2082
1,59000,61530,2530
0,193961,223519,29558
1,36000,83009,47009
0,66745,73576,6831
1,160020,175040,15020
1,150470,180360,29890
1,30000,71188,41188
0,78023,86389,8366
0,131110,157439,26329
1,84024,116849,32825
0,173039,184073,11034
1,32615,32765,150
0,98899,127346,28447
1,82113,102537,20424
0,197806,214504,16698
1,59224,97770,38546
0,64677,108261,43584
0,160177,167747,7570
0,25015,71527,46512
1,63214,95779,32565
1,110583,132198,21615
1,65402,81452,16050
0,99664,132086,32422
0,145650,191137,45487
1,69681,88687,19006
0,47297,69859,22562
1,137520,160662,23142
1,156388,198381,41993
0,133375,144493,11118
0,146371,151915,5544
0,21583,22391,808
0,101041,127436,26395
1,26458,69079,42621
0,161465,186997,25532
0,45546,85997,40451
1,12000,20124,8124
0,60666,67360,6694
0,92861,93287,426
0,59080,79069,19989
1,33588,49879,16291
1,65000,76901,11901
1,112721,127407,14686
0,119308,131781,12473
1,164284,169857,5573
1,92610,127252,34642
1,72634,103345,30711
0,70298,90521,20223
0,186288,199092,12804
0,25809,36060,10251
0,28356,53864,25508
1,47951,75500,27549
0,32782,38044,5262
1,94557,135158,40601
1,24876,63988,39112
1,16829,36599,19770
0,70219,84392,14173
0,77457,102083,24626
1,82700,127782,45082
1,24531,41099,16568
1,72244,97171,24927
1,53065,102862,49797
1,13866,54950,41084
1,48000,51978,3978
0,178999,228673,49674
0,94200,108832,14632
1,130569,164149,33580
1,29596,75508,45912
1,188965,229504,40539
1,49246,68743,19497
1,41299,73229,31930
1,47500,69863,22363
0,95358,102734,7376
1,49159,83374,34215
0,61306,104941,43635
0,141905,169811,27906
0,129559,176910,47351
1,40000,59493,19493
1,164675,181030,16355
0,43738,61440,17702
0,11348,49606,38258
1,118000,158793,40793
0,43136,43614,478
1,128321,176857,48536
1,98586,108111,9525
0,140464,141779,1315
0,97045,143944,46899
1,94179,129851,35672
1,35373,49108,13735
1,110300,134854,24554
1,46569,92067,45498
1,67858,104117,36259
0,145778,158186,12408
1,53324,92274,38950
0,40508,89941,49433
1,62105,91190,29085
0,41946,64275,22329
1,21016,52494,31478
1,85300,112118,26818
0,126515,131952,5437
1,30580,79542,48962
0,53904,55275,1371
1,61000,83022,22022
0,20927,68438,47511
0,21931,49402,27471
1,17684,27354,9670
1,99628,123188,23560
0,51118,79368,28250
0,56820,64972,8152
1,56057,98435,42378
1,50006,83605,33599
0,35002,41503,6501
1,88235,122652,34417
0,103000,111308,8308
0,99678,137975,38297
1,136003,175296,39293
1,71881,113876,41995
1,71000,87281,16281
0,27639,34946,7307
1,92611,126803,34192
1,27663,61282,33619
0,43266,60653,17387
1,18173,47006,28833
0,103725,109068,5343
1,50930,85777,34847
1,30619,70746,40127
1,87850,109475,21625
0,93935,139590,45655
1,90259,93395,3136
1,44000,63962,19962
1,38116,67830,29714
1,26717,36546,9829
1,46103,76186,30083
0,17777,30360,12583
0,98632,113479,14847
0,84181,84458,277
0,87641,111217,23576
0,94752,97296,2544
0,26651,33758,7107
1,46070,47783,1713
0,138297,172331,34034
0,63945,93001,29056
0,70605,115534,44929
0,29146,56430,27284
1,157032,206409,49377
1,93022,97565,4543
1,20811,70631,49820
1,64000,108028,44028
0,22720,45443,22723
0,98831,108470,9639
1,117972,125731,7759
0,72297,78337,6040
0,126824,135055,8231
0,22717,38563,15846
0,22347,65020,42673
0,57492,106655,49163
1,100000,135614,35614
0,32085,61611,29526
1,11297,14223,2926
1,16383,32427,16044
0,37203,83416,46213
1,50534,67625,17091
0,77203,86962,9759
1,40266,84524,44258
0,97012,116945,19933
0,77294,78546,1252
0,18384,42832,24448
1,28930,67525,38595
1,63000,105179,42179
0,38300,42027,3727
1,92958,141345,48387
0,92250,127156,34906
1,18867,64840,45973
1,61923,76282,14359
0,59640,66662,7022
0,175854,193643,17789
0,196490,212852,16362
0,52443,56199,3756
1,138222,170590,32368
1,13200,34781,21581
0,16796,26552,9756
1,75321,106110,30789
1,71000,90634,19634
1,106279,146198,39919
0,101110,149712,48602
1,63647,102732,39085
0,69051,88925,19874
1,17779,29376,11597
0,65131,101111,35980
0,95578,108158,12580
0,110000,136185,26185
0,43092,43638,546
0,83700,97031,13331
1,25000,55923,30923
0,35596,62516,26920
0,116590,152216,35626
0,60971,100490,39519
0,128628,172127,43499
1,34821,75127,40306
1,72501,77478,4977
0,110455,148176,37721
1,82493,126426,43933
0,167968,206780,38812
0,93066,95124,2058
0,12549,17442,4893
0,53832,57652,3820
1,20000,30440,10440
1,87149,112169,25020
0,71722,89519,17797
0,32932,54365,21433
0,121847,132820,10973
1,32800,36598,3798
1,104074,150368,46294
0,39931,72902,32971
0,38357,61230,22873
1,13511,21791,8280
1,85564,97602,12038
0,80539,119136,38597
0,198709,203218,4509
1,56860,97360,40500
0,88054,93717,5663
1,82761,130917,48156
1,126472,137766,11294
1,166718,200834,34116
1,114291,142155,27864
0,66875,71213,4338
0,110852,123793,12941
0,11256,58362,47106
0,176535,178850,2315
1,55140,85429,30289
1,20342,42069,21727
0,83166,99636,16470
0,17330,43931,26601
0,72321,118272,45951
1,40283,47766,7483
1,37591,64009,26418
1,115338,150001,34663
0,189220,192974,3754
0,49195,54188,4993
1,66246,114231,47985
0,18444,66522,48078
0,98147,106252,8105
1,39321,77715,38394
0,75535,94915,19380
0,128824,172684,43860
0,21313,49926,28613
1,127345,168316,40971
1,41285,74215,32930
1,50096,87461,37365
1,79000,128543,49543
1,90954,92890,1936
0,21559,33648,12089
1,25537,60490,34953
1,31660,58017,26357
0,90600,113881,23281
0,12828,15445,2617
0,59007,94966,35959
1,51210,67326,16116
0,131902,140511,8609
0,45090,79176,34086
1,44672,69654,24982
0,56109,70809,14700
1,55580,58358,2778
0,95597,99588,3991
1,100122,144625,44503
0,59626,71123,11497
1,87188,125181,37993
0,64438,81552,17114
0,100136,104701,4565
0,53237,100530,47293
0,43844,84345,40501
1,94784,100856,6072
1,50098,51466,1368
0,30474,46302,15828
1,57684,79886,22202
0,70000,70746,746
1,59804,87100,27296
0,59197,89392,30195
0,110000,129681,19681
0,72895,80684,7789
1,35831,84404,48573
1,44813,85851,41038
1,74000,113359,39359
0,14425,61773,47348
1,83261,95768,12507
0,67003,97030,30027
1,44427,75061,30634
1,77365,77975,610
0,197207,197461,254
1,90324,115744,25420
0,40642,43784,3142
1,66868,73439,6571
0,27207,68502,41295
1,147264,187660,40396
0,61051,109186,48135
0,17117,28102,10985
1,118286,124674,6388
1,61690,98201,36511
1,65409,71649,6240
0,108644,127033,18389
0,59579,68896,9317
0,110896,124673,13777
0,99756,113440,13684
1,146000,170920,24920
1,66000,73662,7662
0,25141,54529,29388
1,19772,58205,38433
1,16384,39376,22992
0,50014,81960,31946
1,59273,108696,49423
0,142946,149125,6179
0,99854,139714,39860
1,164070,174037,9967
1,147205,183479,36274
1,81315,81633,318
1,37327,72622,35295
1,52000,93610,41610
0,29616,41109,11493
0,33712,42501,8789
0,51734,55755,4021
0,50474,94753,44279
1,114931,142667,27736
1,90701,106853,16152
0,11637,60781,49144
0,25185,68063,42878
1,40000,78222,38222
0,181735,230387,48652
1,114073,151612,37539
0,18803,41334,22531
0,128001,160688,32687
0,98023,101511,3488
1,41714,83058,41344
1,136674,137824,1150
0,96953,137168,40215
1,48601,98536,49935
0,118745,126758,8013
0,133059,134457,1398
1,56616,105286,48670
0,101120,129091,27971
0,17131,49349,32218
1,31728,34870,3142
1,32008,49353,17345
0,82048,102833,20785
0,85327,130216,44889
0,80738,108501,27763
1,105600,142888,37288
1,40088,52197,12109
0,47490,95827,48337
1,91743,99304,7561
0,127369,146599,19230
1,11652,57278,45626
1,52628,95022,42394
0,138220,183350,45130
0,147786,166589,18803
0,84230,86920,2690
1,54000,60199,6199
0,91808,115350,23542
1,110714,157847,47133
1,19442,49339,29897
1,174107,182212,8105
0,39852,68570,28718
1,34208,75620,41412
0,127486,152376,24890
0,47840,91899,44059
1,93706,117800,24094
0,66679,68710,2031
0,89894,106996,17102
0,56892,59830,2938
0,90811,101339,10528
0,27191,52792,25601
1,60144,103078,42934
0,198611,204479,5868
0,32872,80498,47626
1,95859,130836,34977
0,115116,142831,27715
0,31700,58410,26710
0,78200,111472,33272
1,47664,74725,27061
0,130093,156809,26716
0,19496,31919,12423
0,16538,37743,21205
0,32472,66347,33875
0,10827,19038,8211
0,66136,109121,42985
0,137370,183727,46357
1,30343,76030,45687
0,65080,81750,16670
0,11992,59196,47204
0,131414,146061,14647
0,48698,66082,17384
0,57960,83062,25102
1,98378,109780,11402
1,32091,48141,16050
1,43443,52925,9482
1,47474,55190,7716
0,197898,242436,44538
0,72402,88282,15880
0,10734,52525,41791
0,165112,207935,42823
0,51721,84451,32730
1,162428,197217,34789
1,20700,27517,6817
0,80201,106471,26270
0,125787,163096,37309
1,57780,62273,4493
0,24032,26196,2164
1,99528,135472,35944
1,22475,65775,43300
1,38326,81469,43143
0,23603,32146,8543
0,10879,16460,5581
1,118475,140618,22143
1,72375,83710,11335
1,34463,56998,22535
1,61945,110334,48389
1,65000,106109,41109
1,49556,97285,47729
1,45511,86809,41298
1,27231,38452,11221
0,107351,107831,480
1,21194,29356,8162
1,100159,104161,4002
1,91598,110830,19232
1,100000,101633,1633
1,140265,145398,5133
0,12019,18199,6180
1,101012,133001,31989
0,18461,51544,33083
1,66930,99029,32099
1,72739,105381,32642
0,63671,106096,42425
1,33592,54290,20698
1,37166,78543,41377
0,56084,105580,49496
1,36000,77464,41464
0,138225,187165,48940
0,12018,37040,25022
1,48882,89909,41027
0,156760,160754,3994
0,75675,121079,45404
0,146229,161815,15586
0,91515,110048,18533
1,45344,95105,49761
1,37389,61908,24519
0,99396,107546,8150
0,90997,119184,28187
1,30980,75596,44616
0,64325,94877,30552
0,19796,32855,13059
0,53777,93042,39265
1,54511,72219,17708
1,63058,86065,23007
0,100071,105823,5752
0,56134,69374,13240
0,127159,154311,27152
0,104163,121012,16849
0,143946,170870,26924
0,16680,62049,45369
1,30229,51828,21599
1,54081,103701,49620
0,23440,43875,20435
1,80000,129675,49675
1,44534,73422,28888
1,20369,61669,41300
0,62374,70284,7910
1,93000,120184,27184
0,12708,44358,31650
0,33319,37490,4171
0,163283,165773,2490
1,60362,62220,1858
1,72000,76020,4020
1,21864,64839,42975
0,82532,103200,20668
1,94000,101659,7659
0,72213,121682,49469
0,126016,136103,10087
0,66661,78180,11519
0,62066,102263,40197
1,20376,28058,7682
1,20000,62822,42822
1,17000,31058,14058
0,96145,133163,37018
1,45497,49469,3972
0,70673,86383,15710
1,109664,125215,15551
1,92407,113846,21439
0,44950,88609,43659
1,60000,74496,14496
0,70479,79751,9272
1,73852,84983,11131
1,32866,75896,43030
0,78013,91537,13524
0,31133,72851,41718
0,102034,119200,17166
0,35968,72665,36697
1,22220,31040,8820
1,61000,110680,49680
0,129294,162561,33267
1,101951,149058,47107
0,99965,146434,46469
0,52910,95154,42244
0,111312,132434,21122
0,53315,77388,24073
1,158540,173474,14934
0,100444,135933,35489
1,38266,61303,23037
1,92840,122294,29454
0,124987,133384,8397
0,29153,45869,16716
1,42643,58172,15529
0,61311,104965,43654
0,52000,57839,5839
1,40000,57571,17571
0,114466,148929,34463
0,71341,111133,39792
1,67105,72776,5671
0,28962,29570,608
0,46962,91486,44524
0,88583,138079,49496
0,97773,143834,46061
1,23431,64355,40924
0,177501,217187,39686
0,10342,13154,2812
1,21598,53817,32219
0,98632,108550,9918
1,44529,94203,49674
1,64000,69244,5244
0,23100,66876,43776
0,72309,119280,46971
1,129200,166521,37321
1,12288,15753,3465
0,51539,80511,28972
0,58239,62607,4368
0,90098,124727,34629
0,196057,210340,14283
1,83247,92062,8815
0,86333,102962,16629
0,65104,110239,45135
0,129071,172237,43166
1,47000,59073,12073
0,35611,80914,45303
0,149000,153958,4958
1,14547,61109,46562
0,160615,185501,24886
1,184382,212916,28534
0,42355,47955,5600
1,38000,60174,22174
0,131370,147409,16039
0,177905,203222,25317
0,63436,70469,7033
1,21352,61665,40313
0,36500,44627,8127
1,138832,146890,8058
1,78391,100181,21790
0,16306,46194,29888
0,90733,112367,21634
0,74935,123618,48683
0,43909,52125,8216
1,140389,184037,43648
0,96301,98761,2460
1,65845,108787,42942
1,51916,68094,16178
0,163314,186844,23530
0,88799,129768,40969
0,141832,171320,29488
1,35252,65200,29948
1,93280,142845,49565
1,118000,151384,33384
1,18000,38979,20979
0,103050,105074,2024
1,80014,112216,32202
1,49412,62489,13077
1,114500,145926,31426
0,62480,72088,9608
1,35275,80678,45403
1,131575,178746,47171
0,38417,52412,13995
0,119097,125303,6206
0,80000,82747,2747
1,92765,100453,7688
0,24000,63879,39879
1,32992,38362,5370
1,103857,141189,37332
0,42544,54734,12190
0,46840,52682,5842
0,99480,121551,22071
1,20363,65064,44701
1,16496,54686,38190
1,130000,162488,32488
0,65175,94100,28925
0,137854,178005,40151
1,30213,61734,31521
0,38247,48938,10691
1,46136,52783,6647
1,43000,59974,16974
1,121734,171287,49553
0,49127,83525,34398
0,25837,45045,19208
1,59575,103821,44246
1,31363,50267,18904
1,73414,113870,40456
1,66711,91357,24646
0,133301,182781,49480
0,49987,52955,2968
1,91054,91085,31
1,179000,200596,21596
0,172726,216712,43986
0,168362,195600,27238
0,27096,32754,5658
0,40222,83907,43685
0,38839,80609,41770
1,70435,93658,23223
0,178000,223620,45620
0,98444,118280,19836
1,144000,188627,44627
1,15917,65769,49852
1,40000,72931,32931
1,51046,76349,25303
0,93065,102739,9674
1,20365,39313,18948
0,23604,72179,48575
1,66873,80047,13174
0,104659,147579,42920
0,156000,158664,2664
0,42071,53608,11537
1,77847,110303,32456
1,90914,122894,31980
1,45607,91986,46379
1,70100,98611,28511
0,36869,60726,23857
1,22672,48469,25797
0,37242,81454,44212
1,102743,140131,37388
1,133712,183013,49301
0,51300,63967,12667
1,187589,193613,6024
1,30000,53069,23069
1,46206,81944,35738
1,36000,69852,33852
1,71898,116163,44265
0,66632,100119,33487
1,28378,60655,32277
0,20499,56198,35699
0,81099,87459,6360
0,169896,200276,30380
0,48585,74976,26391
0,58120,83782,25662
0,143003,182060,39057
0,190932,217957,27025
0,17530,60743,43213
0,159535,187463,27928
0,43194,43854,660
0,68000,76968,8968
1,58146,65095,6949
0,79630,116265,36635
1,40027,63353,23326
0,65401,68342,2941
0,90000,104001,14001
0,16432,56762,40330
0,14853,49655,34802
1,89830,108033,18203
0,15264,16026,762
0,119407,162882,43475
0,72120,120131,48011
0,54000,62562,8562
1,63100,98451,35351
1,92070,125408,33338
1,36000,80062,44062
0,120438,145546,25108
0,58459,87715,29256
1,113985,125653,11668
0,57464,72224,14760
1,100000,118500,18500
1,32408,80575,48167
1,20283,51502,31219
0,116013,141026,25013
1,45000,94845,49845
0,94952,113443,18491
0,36019,67007,30988
0,22594,49221,26627
1,77361,109931,32570
0,83207,121461,38254
1,89926,116224,26298
0,88193,95772,7579
1,35785,83341,47556
0,93387,97531,4144
1,52000,88940,36940
1,43397,77886,34489
0,178419,201558,23139
1,130700,138300,7600
0,83880,95721,11841
0,104935,120539,15604
1,12822,50006,37184
0,10187,21353,11166
0,36600,78537,41937
1,82324,118041,35717
1,76286,92212,15926
0,44553,60335,15782
1,27824,47139,19315
0,188387,204813,16426
1,46000,66984,20984
1,70000,101208,31208
0,99480,143893,44413
0,20000,58839,38839
0,122273,149264,26991
0,27573,51670,24097
0,61683,67418,5735
0,95219,108068,12849
1,170000,175204,5204
1,108409,145490,37081
0,92540,103256,10716
0,153000,158847,5847
0,19320,42604,23284
0,99592,114658,15066
1,17000,22367,5367
1,175000,197574,22574
1,56986,92763,35777
0,57744,101830,44086
1,92714,121041,28327
0,115500,129292,13792
1,46596,78114,31518
0,48799,64433,15634
0,69021,95294,26273
0,24311,46776,22465
1,81486,114917,33431
0,41285,58217,16932
0,44483,61897,17414
1,37000,38953,1953
0,31702,61586,29884
0,112000,157288,45288
1,170528,214917,44389
1,136236,169028,32792
0,48946,72049,23103
0,26809,36130,9321
1,49733,80540,30807
1,44803,49921,5118
1,42412,76145,33733
0,70394,80992,10598
0,119463,145458,25995
1,56500,78075,21575
1,84971,101641,16670
0,119015,129267,10252
1,122220,128956,6736
1,80063,113605,33542
1,114100,134812,20712
1,95201,142465,47264
1,84728,98442,13714
0,31728,36822,5094
0,31512,68078,36566
0,19477,55365,35888
0,149280,169086,19806
0,194214,226537,32323
0,35038,49669,14631
1,24224,69535,45311
1,13014,41486,28472
1,24371,70242,45871
1,126300,154507,28207
0,94000,117768,23768
0,79594,115906,36312
1,40438,80454,40016
1,106000,135289,29289
1,103098,121085,17987
1,56047,78611,22564
1,30341,52360,22019
0,89172,124661,35489
1,58500,65202,6702
0,42894,68114,25220
0,88447,110894,22447
1,35917,81773,45856
1,75199,105098,29899
1,13037,48205,35168
1,107709,119073,11364
0,77026,78753,1727
0,34746,77852,43106
1,59058,88122,29064
1,130208,163384,33176
1,42488,85222,42734
0,118651,163810,45159
0,40840,61398,20558
1,97633,100353,2720
0,129585,131316,1731
1,30000,58824,28824
0,62838,99589,36751
1,69125,73511,4386
1,39343,59144,19801
1,25634,26388,754
0,23600,36976,13376
1,23393,23923,530
0,82093,93873,11780
1,60185,102713,42528
1,118079,146930,28851
0,19420,52619,33199
0,104991,134985,29994
0,60246,92796,32550
1,17000,55397,38397
0,53761,63850,10089
1,12250,15562,3312
1,55532,88871,33339
1,167293,184171,16878
0,20156,55448,35292
0,179658,205199,25541
0,72691,107309,34618
0,88136,90493,2357
0,195412,221133,25721
1,15000,49643,34643
1,110569,111831,1262
1,25017,71023,46006
1,19019,66992,47973
0,31087,80571,49484
0,76605,110989,34384
0,72150,87455,15305
1,59000,69906,10906
0,130000,148266,18266
0,34449,62439,27990
0,51199,92108,40909
0,23726,56382,32656
1,70912,85383,14471
1,17365,24959,7594
0,111434,157783,46349
1,20044,63233,43189
1,150000,190954,40954
0,113832,154996,41164
1,20766,66179,45413
0,44178,58691,14513
0,111201,142206,31005
0,117786,125289,7503
1,77761,124565,46804
1,60826,66961,6135
0,105984,131868,25884
0,70713,106295,35582
1,83643,121397,37754
0,63670,109174,45504
0,87903,100736,12833
1,50229,82798,32569
1,46992,81481,34489
1,34573,70325,35752
0,23796,66689,42893
1,73576,106058,32482
0,85941,123166,37225
0,30064,79515,49451
1,171000,211011,40011
1,116945,133435,16490
0,69453,92547,23094
1,121067,137652,16585
0,146510,185224,38714
0,22871,52915,30044
1,50000,72191,22191
1,18853,53429,34576
1,98216,122466,24250
0,96524,117124,20600
0,95748,103343,7595
0,19001,55395,36394
0,13700,48420,34720
1,95444,137695,42251
1,120031,165421,45390
1,59490,81172,21682
1,66022,114247,48225
1,115716,133636,17920
0,78323,111989,33666
0,14180,38134,23954
1,91869,137578,45709
1,44259,64233,19974
1,57622,96989,39367
1,113008,144258,31250
0,31961,49103,17142
0,11591,16644,5053
0,75231,89275,14044
1,35744,75155,39411
1,48253,57734,9481
1,98000,140495,42495
0,87102,110785,23683
0,28043,56330,28287
1,17344,62027,44683
0,102660,119808,17148
1,186380,214446,28066
1,13000,43426,30426
1,19000,40464,21464
0,17237,30942,13705
1,65000,99591,34591
1,28941,46973,18032
1,90822,130111,39289
0,89140,131529,42389
1,175359,179411,4052
0,44809,50101,5292
1,54247,100073,45826
0,68812,72905,4093
0,36999,69650,32651
1,75453,97406,21953
0,146006,188147,42141
1,18543,36899,18356
1,104000,138787,34787
1,45551,90119,44568
0,46494,73493,26999
1,85255,85881,626
0,121320,132787,11467
0,51929,73673,21744
1,37289,57968,20679
1,40000,74723,34723
1,48000,84910,36910
0,72860,115011,42151
1,16000,44278,28278
1,23734,55152,31418
0,73479,87549,14070
0,14433,53850,39417
0,85193,118587,33394
1,18152,30447,12295
1,20461,24508,4047
1,52600,101965,49365
1,32096,32536,440
0,61126,89634,28508
0,101627,105029,3402
1,32000,62228,30228
1,80403,129934,49531
0,117263,165823,48560
0,59484,74188,14704
1,90000,114720,24720
1,72455,103155,30700
1,21000,65295,44295
0,35309,71656,36347
0,83079,121259,38180
1,31000,78669,47669
1,22641,39497,16856
0,81127,118308,37181
1,64234,65260,1026
1,36169,63084,26915
1,94000,98295,4295
0,71333,117490,46157
1,24225,48859,24634
0,36936,64206,27270
0,11648,12195,547
0,46871,89431,42560
0,19000,59015,40015
1,30853,40453,9600
0,54178,82345,28167
1,34000,54047,20047
1,102482,140688,38206
0,77769,105129,27360
1,133000,163049,30049
1,77500,111260,33760
0,152246,175854,23608
0,18077,41443,23366
1,60778,96735,35957
0,77369,95140,17771
1,134000,167486,33486
0,108247,132090,23843
0,134668,159143,24475
0,12815,56230,43415
1,72139,94068,21929
0,78436,99294,20858
0,104104,106751,2647
1,11409,42990,31581
0,160102,169086,8984
1,33457,73318,39861
1,46516,63902,17386
0,49995,55163,5168
0,23860,64227,40367
1,116382,118212,1830
1,125530,149310,23780
1,49381,58159,8778
0,25468,36558,11090
0,29239,51683,22444
0,87825,98705,10880
1,51000,57655,6655
1,63504,99427,35923
0,53427,85871,32444
0,54564,85636,31072
1,47100,50378,3278
1,33518,71151,37633
0,85940,131099,45159
0,118945,162738,43793
0,48604,94631,46027
0,31020,55681,24661
1,46017,71794,25777
1,21629,62119,40490
1,90413,127392,36979
0,46088,81167,35079
0,12316,39660,27344
1,40278,76051,35773
1,14473,47211,32738
1,17514,38565,21051
1,47460,85855,38395
1,169306,173326,4020
1,100977,125240,24263
0,36821,69487,32666
1,96403,128471,32068
1,24000,27960,3960
0,36275,52060,15785
0,20716,39392,18676
0,109899,144864,34965
1,40055,47005,6950
0,102487,138969,36482
1,88500,133480,44980
0,15610,32128,16518
0,58479,91208,32729
1,73500,104087,30587
0,91939,113453,21514
0,43342,54594,11252
1,108864,149683,40819
0,75307,110367,35060
0,125540,130407,4867
1,17122,26587,9465
1,30953,45324,14371
0,30697,63503,32806
1,34205,54312,20107
0,77264,122675,45411
0,47870,89243,41373
1,17643,57360,39717
0,89530,112925,23395
0,43095,64693,21598
0,71235,81147,9912
0,71800,83220,11420
1,80509,103571,23062
0,76433,108672,32239
1,87768,123026,35258
0,50791,84013,33222
1,20804,57299,36495
1,10043,19964,9921
1,73773,94564,20791
1,23658,67136,43478
0,53052,96830,43778
1,63804,81251,17447
0,78145,96196,18051
1,10122,52923,42801
1,25000,29825,4825
0,131995,155771,23776
0,98297,132626,34329
0,32600,57465,24865
1,165286,181295,16009
1,60000,79444,19444
0,93730,124185,30455
1,153044,161715,8671
0,48982,50951,1969
0,32220,41612,9392
0,126756,149383,22627
0,68112,84352,16240
0,92000,141810,49810
1,35940,71904,35964
0,164240,210949,46709
1,176072,197179,21107
0,31377,76418,45041
0,50614,64522,13908
1,58989,107914,48925
1,56563,99429,42866
0,89775,126689,36914
1,115571,117492,1921
1,25382,47622,22240
1,114105,148930,34825
0,57148,69277,12129
0,28623,66765,38142
1,97382,111664,14282
1,76000,92467,16467
0,44210,69280,25070
0,76000,101136,25136
1,46000,62853,16853
0,64093,76273,12180
1,42327,43685,1358
0,64580,72657,8077
1,140029,182335,42306
0,26098,70343,44245
1,195000,206060,11060
1,125268,164990,39722
1,74880,79404,4524
1,10173,48706,38533
0,93366,125606,32240
0,30629,62473,31844
0,161018,202233,41215
0,54902,78873,23971
0,72290,73115,825
1,23196,23980,784
1,42671,46829,4158
0,31465,64878,33413
0,186507,187953,1446
0,39075,69089,30014
1,45639,72428,26789
1,80800,106843,26043
1,70280,119280,49000
0,36793,83153,46360
0,30211,61008,30797
1,19198,43984,24786
0,156470,157295,825
0,122929,160286,37357
1,41009,59790,18781
1,134929,157581,22652
1,34676,68010,33334
0,28112,50731,22619
1,63000,74060,11060
1,18850,38519,19669
0,127483,129251,1768
1,176823,199054,22231
1,102335,126825,24490
0,60254,69830,9576
1,28753,43880,15127
1,84506,133677,49171
1,129572,158187,28615
1,41000,43805,2805
0,48714,59854,11140
0,105865,145214,39349
0,136340,177053,40713
0,33119,66264,33145
0,40221,80217,39996
0,28205,65819,37614
1,63638,67279,3641
0,90988,119221,28233
1,48000,92084,44084
1,80664,119759,39095
1,52000,97141,45141
0,23516,50024,26508
0,91427,138040,46613
1,68775,73116,4341
0,101038,138361,37323
1,83433,84325,892
1,65668,111526,45858
1,65000,102154,37154
0,98461,107572,9111
0,61186,67189,6003
0,99033,139598,40565
0,89326,104773,15447
1,12601,38131,25530
0,121625,123355,1730
0,75479,95058,19579
1,89094,131882,42788
1,14472,30740,16268
0,142037,164622,22585
1,57063,67422,10359
0,70478,73023,2545
1,39000,83297,44297
0,88318,122856,34538
0,22700,46929,24229
0,41213,62084,20871
0,17770,65961,48191
1,54484,73616,19132
1,42456,75406,32950
1,11500,12491,991
0,75415,80071,4656
1,22700,59570,36870
0,10189,10800,611
1,95715,99857,4142
0,50250,67940,17690
1,77000,107976,30976
0,199938,215286,15348
0,24892,25298,406
1,65326,66633,1307
1,81615,95663,14048
0,22871,66887,44016
0,30169,57011,26842
0,97427,100326,2899
1,46309,91555,45246
1,150550,177333,26783
1,63023,110754,47731
1,75000,76926,1926
0,112098,114961,2863
0,120000,169531,49531
0,150348,152569,2221
1,10919,56898,45979
1,96659,114100,17441
1,41039,56736,15697
0,145250,162616,17366
1,50200,82765,32565
0,101912,137657,35745
1,38719,71292,32573
0,80820,119363,38543
1,119377,142042,22665
0,27679,32352,4673
0,171721,175732,4011
1,61198,99018,37820
1,39332,83919,44587
1,15382,54835,39453
1,11937,52868,40931
0,35887,83484,47597
1,63136,80141,17005
1,54868,81170,26302
0,29276,64526,35250
0,14846,23819,8973
0,29412,70280,40868
0,97396,109416,12020
0,37184,68180,30996
1,46226,51571,5345
0,122310,156374,34064
1,59827,100549,40722
1,109000,118921,9921
0,92495,99358,6863
0,60054,69495,9441
1,106600,139394,32794
0,102200,126015,23815
1,67646,96949,29303
0,78190,128137,49947
1,34937,71939,37002
0,25969,70281,44312
0,158020,189187,31167
0,115378,130713,15335
0,71904,72628,724
0,43086,83637,40551
0,150000,182743,32743
1,56953,61955,5002
0,142131,160215,18084
0,80703,100904,20201
1,36453,37996,1543
1,114043,130837,16794
1,90480,115886,25406
1,17201,58584,41383
1,17555,26566,9011
1,21000,26481,5481
1,89034,133878,44844
0,78200,112474,34274
0,59297,68845,9548
0,39977,42493,2516
0,129936,164125,34189
0,54946,61656,6710
1,35137,49863,14726
1,58591,67689,9098
0,107418,155343,47925
0,57668,84510,26842
0,56348,93482,37134
1,15812,64606,48794
1,136844,165644,28800
0,55807,81456,25649
0,120692,149923,29231
0,49622,76087,26465
0,60107,94193,34086
1,110263,150311,40048
0,150387,191030,40643
1,34116,38043,3927
0,12291,59065,46774
1,154676,187269,32593
1,97394,131703,34309
1,168724,204228,35504
0,55366,72790,17424
0,73266,78305,5039
1,59000,92175,33175
0,17768,23886,6118
0,82375,97734,15359
1,134203,135842,1639
0,118487,153198,34711
1,143955,192426,48471
0,105510,141534,36024
1,34297,60888,26591
0,27603,52370,24767
1,89000,92164,3164
0,80283,99708,19425
0,130427,146124,15697
1,170000,206118,36118
0,49330,78054,28724
0,138172,187487,49315
1,30000,66551,36551
0,17019,17348,329
1,68989,109061,40072
0,91786,140103,48317
0,16648,19742,3094
0,38663,79126,40463
1,56767,66084,9317
1,149873,191382,41509
1,160089,187475,27386
0,74347,115785,41438
0,53696,76412,22716
1,184244,208351,24107
1,33168,78070,44902
0,57799,84178,26379
1,40468,66374,25906
0,12576,16594,4018
0,52185,57970,5785
1,92549,125839,33290
0,113124,117628,4504
1,91000,129932,38932
0,16345,42675,26330
0,130262,163369,33107
0,79550,96281,16731
1,42029,60233,18204
1,94349,116764,22415
0,17906,19904,1998
1,20437,58873,38436
0,141740,148681,6941
1,152970,195202,42232
1,70850,84447,13597
0,90262,115962,25700
0,68587,105048,36461
1,54302,59286,4984
0,86937,134689,47752
1,98085,106114,8029
1,97155,106287,9132
1,103657,110101,6444
0,37190,83431,46241
0,163219,166218,2999
0,70661,98601,27940
1,50377,51775,1398
1,99600,148215,48615
1,60817,64114,3297
1,137000,184415,47415
1,90010,132964,42954
1,148513,151290,2777
0,98927,148277,49350
0,139037,174431,35394
0,126107,168635,42528
0,32401,61426,29025
1,48000,69377,21377
1,56530,77168,20638
1,98224,136120,37896
1,51055,79083,28028
0,135164,152351,17187
0,47120,48932,1812
0,10643,60324,49681
0,138014,142895,4881
0,76077,110799,34722
1,107206,123979,16773
0,93954,97426,3472
1,98068,139639,41571
1,120000,129897,9897
0,83878,123909,40031
1,29765,76392,46627
0,128659,144931,16272
1,91298,132643,41345
0,43099,70636,27537
1,31198,44666,13468
1,51760,83886,32126
0,32454,47160,14706
0,44511,67378,22867
0,55297,95593,40296
0,79396,104869,25473
1,14000,31064,17064
1,97000,145458,48458
0,76985,105361,28376
0,75675,89694,14019
0,61766,85886,24120
0,92781,107944,15163
0,28300,38928,10628
0,14578,58149,43571
0,146182,192374,46192
0,40806,70636,29830
1,30107,41013,10906
0,102985,130619,27634
0,137540,171991,34451
0,89253,131151,41898
0,51056,51819,763
0,72053,96310,24257
1,54572,74810,20238
1,32612,61911,29299
0,102159,131624,29465
1,42000,74518,32518
0,118029,143568,25539
1,50195,59302,9107
1,27433,73703,46270
0,40269,60189,19920
1,58950,102792,43842
0,96878,123718,26840
1,11289,23070,11781
1,160885,194092,33207
0,20973,23793,2820
1,97000,117396,20396
0,84736,85218,482
1,42000,51456,9456
0,71713,71737,24
1,22667,23735,1068
0,71458,87993,16535
1,62886,110894,48008
1,110156,127941,17785
0,142014,167806,25792
1,38500,52028,13528
0,28091,55269,27178
0,150000,184389,34389
0,21528,21590,62
1,52000,63233,11233
0,86407,116336,29929
0,38117,85543,47426
0,35400,57361,21961
1,49519,77437,27918
1,19511,28128,8617
1,43296,84760,41464
0,41781,46626,4845
0,115692,116208,516
1,81000,130958,49958
1,72013,109943,37930
1,70185,91140,20955
1,52487,64375,11888
0,54774,84198,29424
0,44126,92198,48072
1,31400,58917,27517
1,65601,81249,15648
0,24707,55544,30837
0,61100,99417,38317
0,126310,148355,22045
1,25119,32926,7807
0,84500,95565,11065
1,63285,85831,22546
1,180000,218420,38420
0,35387,47637,12250
1,24014,35226,11212
0,188512,204225,15713
1,29636,55804,26168
0,44519,80116,35597
0,171013,211565,40552
0,88618,114714,26096
1,60000,108799,48799
1,77781,116433,38652
1,135757,139882,4125
1,53881,63980,10099
0,90224,132398,42174
0,189978,210603,20625
1,125920,149529,23609
0,89362,119573,30211
1,133458,143217,9759
0,85715,121869,36154
0,148000,161417,13417
0,13402,60735,47333
1,34081,65761,31680
0,62000,84265,22265
0,184198,222606,38408
1,40263,78304,38041
1,94090,123209,29119
0,80385,127357,46972
1,71644,115630,43986
1,59326,72719,13393
0,184080,210594,26514
1,80974,100199,19225
1,47647,72518,24871
1,63657,73204,9547
1,180090,215801,35711
0,32796,56312,23516
0,85204,93053,7849
0,30109,79967,49858
0,150377,165450,15073
0,65892,68613,2721
0,55147,71573,16426
0,197000,213263,16263
0,66062,67034,972
1,14309,46927,32618
1,60000,94762,34762
1,82813,119109,36296
1,126000,172032,46032
0,100137,146401,46264
0,121955,125414,3459
0,14103,30926,16823
1,79344,128394,49050
0,40019,64526,24507
0,99406,116568,17162
1,20000,47456,27456
0,140757,185249,44492
0,53399,54487,1088
0,30563,76408,45845
1,32320,56068,23748
1,16200,46180,29980
0,20670,33941,13271
0,31363,74074,42711
0,113627,154626,40999
0,13780,54726,40946
1,75000,90566,15566
0,50539,97806,47267
1,25210,51390,26180
1,52103,57539,5436
1,111232,122330,11098
1,114622,121564,6942
1,18684,43210,24526
1,25163,70801,45638
0,44729,88610,43881
0,46311,52539,6228
1,106000,147591,41591
1,63168,90115,26947
1,17000,31163,14163
1,67778,107643,39865
0,10460,59563,49103
1,101301,109237,7936
1,62148,104744,42596
1,73520,73889,369
0,155637,201762,46125
0,64580,111085,46505
1,129500,156641,27141
1,35475,67435,31960
1,34164,68548,34384
1,36339,53436,17097
0,57227,79083,21856
1,68200,72122,3922
1,104159,144402,40243
1,76104,79602,3498
0,30115,48517,18402
0,53538,80053,26515
1,21727,69189,47462
0,140149,158150,18001
1,28593,70555,41962
1,48385,78150,29765
1,142821,172773,29952
1,29957,78555,48598
0,38000,60077,22077
1,139492,167008,27516
0,59000,70189,11189
1,62000,109967,47967
1,196000,227300,31300
0,10276,59926,49650
1,108466,119707,11241
0,10770,40024,29254
0,70022,103592,33570
0,125124,137256,12132
0,26428,53258,26830
1,175000,214544,39544
0,139893,188132,48239
1,38271,59952,21681
0,126429,139361,12932
0,87170,103543,16373
0,11126,59806,48680
1,116299,161535,45236
1,157911,157987,76
0,120564,150723,30159
0,13149,60313,47164
0,112456,126263,13807
0,11463,39143,27680
1,41341,63909,22568
0,31126,37627,6501
1,79927,106926,26999
0,57085,87544,30459
1,100000,139792,39792
0,153246,165734,12488
0,96610,102399,5789
1,52925,69285,16360
1,37000,57802,20802
0,25687,49283,23596
0,105785,116236,10451
1,73986,102021,28035
0,35349,77891,42542
1,46370,87550,41180
0,22458,43467,21009
1,42794,46150,3356
1,74618,123038,48420
0,35615,37964,2349
0,48433,71411,22978
0,160707,203995,43288
0,34092,51858,17766
0,19442,39645,20203
0,24898,71200,46302
0,112754,129843,17089
1,11000,52324,41324
1,46254,78229,31975
1,23475,58010,34535
0,64137,74820,10683
1,72000,92562,20562
1,59298,82938,23640
0,72311,84608,12297
0,39042,53508,14466
0,79640,115913,36273
1,112481,116697,4216
1,87877,93874,5997
1,114509,157281,42772
1,100010,126286,26276
0,53140,56504,3364
1,106000,122052,16052
1,45989,58266,12277
0,174526,218520,43994
1,45694,93453,47759
1,160627,168995,8368
1,115123,164365,49242
1,29813,62766,32953
0,118316,148053,29737
1,81106,98193,17087
1,70000,82359,12359
1,84690,120915,36225
0,36966,62348,25382
0,108641,124754,16113
0,59828,90249,30421
0,21974,29907,7933
1,99333,127745,28412
0,90367,105081,14714
1,122509,160749,38240
1,168124,180800,12676
0,72300,103798,31498
0,109349,135476,26127
1,22000,56970,34970
0,115000,141733,26733
0,91709,140197,48488
0,66932,109394,42462
1,97518,109830,12312
1,13545,55644,42099
0,133924,183179,49255
0,54969,64041,9072
1,90410,134692,44282
0,39616,70839,31223
1,58600,74147,15547
0,123208,124701,1493
1,80707,126153,45446
0,40284,66644,26360
0,46183,64576,18393
0,41868,80372,38504
1,59207,105542,46335
0,120898,155969,35071
1,34950,62770,27820
0,18017,45033,27016
0,51959,64186,12227
1,134000,137546,3546
0,88400,108990,20590
0,66371,113663,47292
0,86612,120506,33894
0,10403,54751,44348
1,141514,167824,26310
1,48394,69958,21564
0,93428,121238,27810
0,11606,34583,22977
0,104646,111964,7318
1,118726,160732,42006
1,150300,159651,9351
0,105504,145698,40194
1,21561,60843,39282
0,122575,159756,37181
1,34840,36698,1858
1,35068,79158,44090
1,34000,46733,12733
1,146516,188929,42413
0,47678,73036,25358
0,75152,107563,32411
0,102815,146741,43926
0,62268,105463,43195
0,10413,47171,36758
1,100904,128609,27705
1,46000,92921,46921
1,65000,108396,43396
1,78000,88948,10948
1,42909,73002,30093
1,30000,78060,48060
1,41079,51100,10021
0,39700,82931,43231
1,71953,110766,38813
1,70718,101728,31010
0,83000,130525,47525
1,78508,111154,32646
0,98427,134334,35907
1,51000,74530,23530
0,115660,152344,36684
0,60130,106217,46087
0,100306,135635,35329
0,26683,45674,18991
1,103200,132652,29452
1,45160,54121,8961
0,80367,95378,15011
1,24513,34811,10298
1,19256,43081,23825
0,96234,119399,23165
0,22483,36115,13632
0,75627,91448,15821
0,136000,171475,35475
0,93256,112650,19394
1,61564,106763,45199
0,39102,45413,6311
0,20000,29309,9309
1,70809,78871,8062
1,107000,135568,28568
0,65553,103098,37545
1,78905,113163,34258
1,64952,80758,15806
1,11273,26478,15205
0,51555,62563,11008
1,33998,75943,41945
0,17761,19601,1840
0,28229,31200,2971
0,167404,194159,26755
0,60543,107865,47322
1,72455,104856,32401
1,114000,118941,4941
0,46845,58032,11187
0,16393,26276,9883
1,50535,82624,32089
0,97358,125838,28480
0,18314,66975,48661
1,162000,167532,5532
1,83466,102150,18684
0,95430,133402,37972
1,115251,153809,38558
0,88277,137007,48730
1,20654,30656,10002
0,126989,148145,21156
0,82606,91075,8469
1,72998,99710,26712
0,30652,73180,42528
1,51822,94862,43040
0,143831,156553,12722
0,11683,37963,26280
0,111721,115368,3647
0,116476,124793,8317
0,89922,127226,37304
1,62034,87906,25872
0,129957,136023,6066
1,197454,226332,28878
0,128431,154589,26158
1,94473,120228,25755
0,48917,76410,27493
1,40000,73399,33399
1,17000,61152,44152
0,85567,125596,40029
0,124583,148422,23839
0,90179,113857,23678
1,103139,145285,42146
0,87468,118149,30681
1,111043,138208,27165
0,76930,107661,30731
0,104753,107324,2571
1,165346,208390,43044
0,88405,128770,40365
1,16000,18680,2680
1,10593,38285,27692
1,136127,168530,32403
0,195311,242079,46768
0,12500,19121,6621
1,66100,111691,45591
1,50100,66761,16661
0,34375,65070,30695
1,126591,134697,8106
0,25203,73498,48295
1,61948,90973,29025
0,34760,54495,19735
1,110898,136619,25721
0,108538,126257,17719
1,54011,64578,10567
0,120888,137602,16714
0,41579,68653,27074
1,24597,61384,36787
0,135056,142381,7325
0,101305,135108,33803
1,30768,50565,19797
1,104832,151814,46982
1,59059,98266,39207
0,144088,166753,22665
1,19767,51075,31308
1,12505,49261,36756
1,132659,151441,18782
0,41514,41733,219
0,193910,218999,25089
0,75002,120470,45468
0,75167,114066,38899
0,11060,36502,25442
0,169983,184519,14536
0,16981,30118,13137
1,41042,86992,45950
1,34982,52614,17632
0,96832,116018,19186
0,16523,25929,9406
1,160763,192054,31291
0,14677,18279,3602
1,47000,70418,23418
0,22108,23531,1423
1,44345,94342,49997
0,45350,64234,18884
0,62365,88899,26534
0,138805,165048,26243
0,127855,166278,38423
0,110924,136442,25518
0,80649,88469,7820
0,73148,98080,24932
0,39450,41577,2127
1,12699,45023,32324
1,45529,74404,28875
0,41588,86002,44414
0,54789,59381,4592
1,53882,54846,964
1,28000,50567,22567
1,190494,219087,28593
0,63377,91003,27626
0,110070,151379,41309
0,58398,83703,25305
0,125998,131246,5248
0,76092,116030,39938
1,64073,67100,3027
0,102867,126596,23729
1,89027,126682,37655
1,83000,115995,32995
1,20595,53040,32445
0,25559,37872,12313
1,33319,59703,26384
1,31000,36740,5740
1,180500,230048,49548
1,31873,49493,17620
1,50000,72657,22657
0,26818,61277,34459
0,104302,144831,40529
1,65000,93341,28341
0,30308,70561,40253
0,103485,105564,2079
0,154503,155467,964
1,129000,174569,45569
1,79641,114699,35058
0,57901,79718,21817
0,122615,165621,43006
0,102082,111352,9270
0,63124,88902,25778
0,62392,63674,1282
1,41033,50858,9825
1,23554,64272,40718
0,53317,68947,15630
0,186899,235905,49006
0,53039,60902,7863
1,192428,224668,32240
1,28785,72255,43470
1,90543,110075,19532
0,150951,166094,15143
1,31050,73893,42843
1,75000,109150,34150
1,39320,88411,49091
0,76348,123511,47163
1,75158,108483,33325
0,41010,62408,21398
0,97207,98149,942
0,11635,34102,22467
0,48695,66178,17483
0,54761,71860,17099
1,16584,41472,24888
1,132045,167363,35318
0,61106,62837,1731
0,22517,51353,28836
0,22571,60556,37985
1,21577,40342,18765
1,32722,72519,39797
1,85319,128092,42773
0,43199,43383,184
0,50593,56535,5942
0,131020,136710,5690
1,87565,137364,49799
1,67764,79266,11502
1,38500,80568,42068
1,177739,186851,9112
0,108024,119166,11142
0,14376,33771,19395
0,14437,22348,7911
1,72000,106409,34409
0,67895,115349,47454
1,37801,70905,33104
0,158407,183637,25230
0,10684,13112,2428
0,51532,77408,25876
0,43781,60337,16556
1,124954,174263,49309
0,102121,124640,22519
1,148000,156198,8198
0,29680,62166,32486
1,144467,166654,22187
0,78856,82121,3265
0,20402,47627,27225
0,111430,147369,35939
1,165555,197725,32170
0,87500,115317,27817
0,34408,37085,2677
1,42336,68368,26032
1,22169,31459,9290
0,47482,91555,44073
0,48993,87965,38972
0,43920,82722,38802
0,143757,179045,35288
0,19930,40401,20471
0,10035,25337,15302
0,97196,108910,11714
0,36900,50418,13518
1,25913,28959,3046
0,38590,49021,10431
0,19487,60561,41074
1,41906,79519,37613
0,119787,160703,40916
1,46762,54363,7601
1,42000,62448,20448
0,146011,167839,21828
0,102788,128783,25995
1,28563,66199,37636
0,64712,76229,11517
0,58919,70010,11091
0,30596,38447,7851
0,97646,101140,3494
1,69524,90655,21131
1,10001,29213,19212
0,68066,97355,29289
1,87500,130054,42554
0,98612,102107,3495
0,28456,54572,26116
1,64318,113277,48959
1,26500,62143,35643
1,63435,74688,11253
0,138869,145003,6134
1,83783,97670,13887
0,65884,81236,15352
1,102000,131853,29853
1,59874,69176,9302
1,43466,54970,11504
1,62249,77164,14915
1,195402,221194,25792
1,91178,131983,40805
1,58069,86205,28136
0,96721,113765,17044
1,41662,85666,44004
1,180000,225551,45551
0,49047,68545,19498
0,101786,115001,13215
1,71634,117291,45657
1,55160,98286,43126
1,135675,142762,7087
1,70000,85474,15474
0,24252,33301,9049
0,51080,99212,48132
1,64329,68505,4176
1,25837,70922,45085
1,91481,110024,18543
0,26923,62988,36065
0,13053,17350,4297
1,58916,102855,43939
0,38056,69815,31759
0,148000,178687,30687
0,49217,93798,44581
1,79807,109175,29368
0,182292,187985,5693
0,195945,230573,34628
1,100522,147737,47215
1,60715,96517,35802
1,20471,22190,1719
0,73751,91714,17963
1,34981,40170,5189
0,25291,41190,15899
0,46608,70433,23825
0,28951,33622,4671
0,36863,52802,15939
1,20002,65933,45931
0,87275,105532,18257
1,149534,197308,47774
0,77679,86610,8931
0,84899,87979,3080
0,142600,170347,27747
1,10500,34738,24238
1,46722,62968,16246
1,92000,126627,34627
0,165306,170316,5010
1,16004,16556,552
1,38052,43297,5245
0,78723,101526,22803
0,57175,103001,45826
0,16751,48299,31548
1,114929,129617,14688
0,77776,79894,2118
0,73513,92152,18639
0,44284,76399,32115
0,114634,146703,32069
1,115497,134478,18981
0,115528,157844,42316
1,15120,17854,2734
1,12111,17389,5278
1,43600,72003,28403
0,27968,65717,37749
1,98258,98285,27
0,35401,37887,2486
1,55875,70483,14608
1,61390,66413,5023
0,77314,124834,47520
1,24486,46113,21627
0,62794,102437,39643
0,49838,67539,17701
0,41859,49189,7330
0,47094,89397,42303
0,54192,103238,49046
1,70995,112417,41422
0,21561,51823,30262
0,53703,86036,32333
0,109933,142180,32247
1,57094,103517,46423
0,70550,111771,41221
1,96516,102149,5633
0,79243,79871,628
0,60712,69767,9055
1,178336,193648,15312
0,67027,86966,19939
0,95569,141445,45876
0,26064,58822,32758
0,102087,122359,20272
1,83145,128139,44994
0,90631,115892,25261
0,134828,156888,22060
0,25450,73273,47823
1,65923,88488,22565
1,13182,26855,13673
1,50421,64870,14449
0,38925,48232,9307
0,36140,61536,25396
0,21732,69442,47710
1,60888,80465,19577
0,16710,45802,29092
1,160000,180702,20702
1,50181,57436,7255
1,17954,62283,44329
0,82916,110752,27836
0,100539,146270,45731
0,53926,78752,24826
1,59126,86921,27795
1,65554,83850,18296
0,29730,72000,42270
1,55363,66351,10988
1,19143,44803,25660
1,32000,34225,2225
1,26000,35462,9462
1,32008,57095,25087
0,34144,65219,31075
1,48810,96344,47534
0,39404,87880,48476
0,147287,164337,17050
1,195032,225908,30876
1,54000,67951,13951
1,74854,84327,9473
0,173112,190074,16962
1,100561,142758,42197
1,13361,27764,14403
0,160784,195495,34711
0,80164,90976,10812
1,48864,56464,7600
0,22311,36200,13889
1,53373,73215,19842
1,123400,143090,19690
1,30439,68916,38477
1,71800,76888,5088
0,50003,56783,6780
1,70334,94058,23724
1,25670,54525,28855
1,43000,76770,33770
1,56894,92149,35255
0,31024,50328,19304
0,78699,105888,27189
1,167000,211742,44742
0,14229,55314,41085
0,126840,147658,20818
1,137427,173600,36173
1,189283,220930,31647
1,72000,99649,27649
1,20400,37185,16785
1,56334,67922,11588
0,161099,167122,6023
0,126788,135974,9186
1,195667,196388,721
0,59745,97355,37610
1,35759,53002,17243
1,53400,89299,35899
0,100788,139369,38581
0,57099,57621,522
0,16746,56926,40180
0,85851,116551,30700
0,87541,105644,18103
0,43423,46417,2994
1,151214,167835,16621
1,14944,31776,16832
1,88285,102340,14055
0,35805,74263,38458
0,103903,115891,11988
1,31047,50098,19051
0,51347,75377,24030
1,30306,35081,4775
1,42718,48400,5682
1,42382,66944,24562
0,40920,48768,7848
1,56896,93940,37044
1,18525,32995,14470
0,44547,65841,21294
0,150988,182184,31196
1,98000,114397,16397
0,48586,91543,42957
0,36569,41971,5402
0,23557,27151,3594
0,147930,163261,15331
0,31890,36568,4678
0,52966,61933,8967
0,18926,25748,6822
1,76788,92089,15301
1,49289,80735,31446
1,69601,85257,15656
0,14066,52298,38232
0,62322,105687,43365
0,53118,95102,41984
0,54552,70237,15685
0,83501,85071,1570
1,38209,43350,5141
0,29467,56982,27515
1,39666,78349,38683
1,50850,89802,38952
0,73956,79813,5857
1,120430,134075,13645
0,99788,112762,12974
1,59382,82359,22977
1,60949,104733,43784
0,12600,16161,3561
1,71297,79149,7852
0,127019,150465,23446
1,34520,48711,14191
1,41915,89053,47138
1,85517,131899,46382
0,97648,103222,5574
1,43537,91133,47596
1,51000,58482,7482
0,49210,92998,43788
0,60724,78670,17946
0,36420,78364,41944
0,21469,46828,25359
1,103461,146146,42685
1,42702,76089,33387
1,83337,126658,43321
1,55202,65268,10066
0,13629,50677,37048
0,51024,80468,29444
1,45085,69250,24165
0,32965,80028,47063
0,51253,92662,41409
1,27470,50451,22981
0,51966,89022,37056
1,80469,101695,21226
1,28000,73348,45348
1,96124,121444,25320
1,114560,142722,28162
0,81384,111873,30489
1,73436,74879,1443
0,82352,86747,4395
1,86656,131948,45292
1,65000,104226,39226
0,76784,83449,6665
0,55775,62628,6853
1,23190,66766,43576
1,23419,32040,8621
0,23446,59868,36422
1,109584,130530,20946
0,11693,28585,16892
1,22481,32127,9646
0,178883,194343,15460
1,18000,49515,31515
1,94085,142209,48124
0,81048,100867,19819
1,34325,75368,41043
1,62911,111817,48906
1,91792,94532,2740
0,80972,109669,28697
1,74721,104124,29403
0,17465,23878,6413
1,50480,88825,38345
0,69222,99228,30006
0,31147,64020,32873
1,143617,144767,1150
0,30923,51744,20821
1,62795,106686,43891
0,83937,99267,15330
0,46113,69638,23525
0,17900,58589,40689
1,90109,96086,5977
0,98010,113960,15950
0,111121,137316,26195
0,195680,239078,43398
1,39074,55313,16239
1,74997,79624,4627
1,37787,62698,24911
0,89761,111579,21818
0,77403,85226,7823
0,100110,107127,7017
1,78565,123548,44983
0,78719,91374,12655
0,189323,238008,48685
0,100011,131504,31493
1,94614,106769,12155
1,21467,40556,19089
0,76560,116761,40201
0,18290,56446,38156
0,99004,102874,3870
1,46019,61718,15699
0,62408,70010,7602
0,165000,184411,19411
0,31104,41170,10066
0,51350,73008,21658
1,41000,73245,32245
0,85179,96811,11632
1,93587,106371,12784
0,91212,104479,13267
0,117792,141791,23999
1,90034,104260,14226
0,88421,137250,48829
0,57147,106368,49221
1,84502,125036,40534
0,166691,186960,20269
1,65269,77013,11744
0,78750,93163,14413
1,104000,130359,26359
0,37500,64574,27074
0,102323,124689,22366
0,72904,114520,41616
0,36162,56694,20532
0,118828,147408,28580
0,41285,79071,37786
1,60040,76218,16178
1,60998,99993,38995
0,59540,73484,13944
0,40071,78039,37968
1,132144,133856,1712
1,54768,58139,3371
1,21331,57733,36402
0,97554,122169,24615
0,35322,53783,18461
0,138926,184976,46050
0,113629,150262,36633
0,12179,44383,32204
1,99485,144364,44879
0,18078,47596,29518
0,43082,44970,1888
1,111172,155957,44785
0,32639,62323,29684
0,154616,159964,5348
1,134277,164102,29825
1,15000,48319,33319
1,107372,142716,35344
1,17200,33790,16590
1,61101,98950,37849
0,131031,142169,11138
0,120430,158941,38511
1,64949,109007,44058
0,108549,118831,10282
0,105175,132371,27196
0,102701,143189,40488
1,94005,116503,22498
1,30812,47941,17129
1,15000,27105,12105
0,112836,154209,41373
0,25448,51060,25612
0,143398,182861,39463
0,119282,154889,35607
0,36713,62671,25958
0,73262,114764,41502
1,58544,69809,11265
1,74692,101084,26392
1,68943,71667,2724
0,86679,105800,19121
1,87000,101474,14474
0,50713,87787,37074
0,37432,38736,1304
0,177185,189429,12244
0,123792,156852,33060
0,139355,159889,20534
0,62561,78013,15452
1,64481,84748,20267
0,22876,51464,28588
1,27347,38472,11125
1,77676,118013,40337
1,22000,42396,20396
0,55771,63798,8027
1,37542,60409,22867
0,44000,60509,16509
0,57002,99266,42264
0,20399,49115,28716
1,29270,35700,6430
1,45586,82441,36855
1,38463,87066,48603
0,28247,35058,6811
0,131016,170215,39199
1,80000,124396,44396
0,116894,127200,10306
1,28949,66966,38017
1,27500,30866,3366
0,62098,109338,47240
1,153000,191991,38991
0,95427,134293,38866
1,38187,60930,22743
1,58844,60144,1300
0,17000,34414,17414
1,41000,68542,27542
1,29130,42951,13821
0,60422,98672,38250
0,40175,53270,13095
0,146346,167511,21165
0,162009,176067,14058
1,99282,130795,31513
1,120828,128027,7199
0,83066,96133,13067
0,92415,123053,30638
0,73628,110352,36724
0,93257,122820,29563
0,18848,48461,29613
0,27131,39653,12522
1,61506,76500,14994
1,17600,29903,12303
1,118577,138785,20208
1,27539,61591,34052
1,95000,107140,12140
1,83000,111469,28469
0,29640,67789,38149
0,46849,83441,36592
1,51000,69862,18862
1,33000,36038,3038
0,141286,142280,994
1,62451,98903,36452
1,54684,83923,29239
0,49584,89402,39818
0,17328,57892,40564
0,42464,53892,11428
0,178886,210524,31638
1,75000,80888,5888
0,29024,30963,1939
0,59132,94163,35031
1,92688,120738,28050
1,55000,68765,13765
1,55560,95302,39742
1,24146,61155,37009
1,58328,106681,48353
1,42501,50631,8130
0,123577,136769,13192
0,79784,118579,38795
1,100295,104715,4420
1,33000,77965,44965
0,61878,100644,38766
1,51000,76568,25568
0,60000,77271,17271
1,98585,130689,32104
0,152691,162753,10062
0,60559,62690,2131
0,41241,47962,6721
1,135000,161028,26028
0,131419,162031,30612
0,110961,126619,15658
0,49819,93084,43265
1,55000,88628,33628
1,165545,176717,11172
0,16503,49095,32592
0,105528,118475,12947
1,35432,84253,48821
1,38000,54167,16167
1,54075,94652,40577
0,57632,74147,16515
1,93339,140897,47558
0,114063,131293,17230
0,105950,136899,30949
1,55747,76869,21122
0,11132,55450,44318
0,68238,96531,28293
0,50467,95764,45297
0,22533,65988,43455
0,93792,139874,46082
0,125472,130894,5422
0,97380,105290,7910
0,35271,58152,22881
0,20122,31188,11066
0,138805,183710,44905
1,55000,68951,13951
1,40643,62997,22354
0,38273,69274,31001
1,54000,86995,32995
1,67210,97408,30198
0,161024,199815,38791
0,49777,88097,38320
0,97000,126454,29454
0,12176,49189,37013
0,190000,224656,34656
1,61832,63149,1317
1,135968,160295,24327
0,69426,76181,6755
1,34636,65131,30495
1,76000,94087,18087
0,45136,72726,27590
1,78000,117900,39900
0,100738,133360,32622
0,118110,129302,11192
0,96199,129466,33267
1,127239,139021,11782
0,118235,165450,47215
0,80900,104618,23718
0,51032,79407,28375
0,68452,71843,3391
1,23914,69244,45330
0,132800,140243,7443
1,66708,98047,31339
0,78653,97931,19278
1,109712,156457,46745
0,30397,69292,38895
0,152695,164641,11946
1,13063,61635,48572
1,156983,156993,10
1,12500,35861,23361
0,71251,98371,27120
1,99504,147166,47662
1,31132,47596,16464
1,91119,96632,5513
1,92702,108405,15703
0,13552,25220,11668
1,99916,141923,42007
0,18325,30250,11925
1,38263,69014,30751
0,44695,94554,49859
0,118919,163589,44670
1,63000,110017,47017
1,13046,25685,12639
0,93849,109762,15913
1,35456,41630,6174
0,53000,87018,34018
1,63314,112691,49377
0,55626,102906,47280
0,48760,61448,12688
1,132300,147568,15268
1,99186,142351,43165
0,64578,105583,41005
1,15000,63800,48800
1,33915,60271,26356
1,75000,96337,21337
1,192096,241710,49614
1,33262,48128,14866
1,31209,60166,28957
0,56121,58786,2665
0,69805,116662,46857
0,30898,76970,46072
1,115167,156589,41422
1,42449,77483,35034
1,32811,63103,30292
0,120176,126137,5961
1,36899,40408,3509
0,20600,69190,48590
1,33000,49742,16742
0,81892,82407,515
0,121635,153135,31500
0,43325,60013,16688
0,161926,203816,41890
0,46106,76471,30365
1,91059,93447,2388
0,59939,74746,14807
1,26327,26665,338
0,33258,72417,39159
1,57787,70929,13142
0,61922,93368,31446
0,72562,73839,1277
0,144733,193051,48318
0,152102,165340,13238
0,91000,126690,35690
0,18349,47587,29238
1,69071,76155,7084
1,116735,132986,16251
0,71652,97306,25654
1,106602,139465,32863
0,39112,47358,8246
1,118933,164363,45430
1,49264,88723,39459
1,73458,87539,14081
1,63877,65549,1672
0,103724,116222,12498
1,61500,89665,28165
0,41321,48315,6994
0,75321,94950,19629
0,21117,49774,28657
1,84500,109543,25043
0,185215,188920,3705
1,152355,167351,14996
1,44099,76771,32672
1,50000,62880,12880
1,62952,94940,31988
0,127169,162094,34925
1,20343,46357,26014
0,42004,85489,43485
1,81344,104606,23262
1,75000,109630,34630
0,41183,55663,14480
0,121138,151962,30824
0,98713,99072,359
1,121234,152791,31557
0,15400,21569,6169
1,52375,58822,6447
1,148000,177815,29815
0,63570,108701,45131
1,78723,106926,28203
1,75339,84643,9304
0,69848,70720,872
0,49593,58603,9010
0,87519,92024,4505
1,80077,109269,29192
0,82642,121190,38548
1,133083,177835,44752
1,52108,73847,21739
0,50322,53044,2722
0,21819,41410,19591
0,30187,42498,12311
1,79457,119750,40293
0,24655,36202,11547
0,41470,43692,2222
1,29620,36578,6958
0,18685,54966,36281
1,116421,153739,37318
0,67077,84801,17724
0,28682,76574,47892
1,100040,110327,10287
0,80084,115341,35257
1,87235,100887,13652
1,77683,108242,30559
1,178800,186825,8025
1,54044,85973,31929
1,51457,80534,29077
0,43697,64833,21136
0,106332,118757,12425
0,82205,87447,5242
0,64146,67258,3112
0,31659,49277,17618
0,48273,51979,3706
1,53000,82766,29766
1,38688,56404,17716
1,17605,34950,17345
0,89589,109963,20374
0,105841,146323,40482
1,21110,58864,37754
0,55566,92554,36988
0,20412,33299,12887
0,112678,160426,47748
0,111670,115582,3912
1,32594,47241,14647
0,79791,102094,22303
1,43142,65034,21892
0,88082,137252,49170
1,122148,137026,14878
1,20359,60793,40434
0,82428,120564,38136
0,129914,168689,38775
1,178393,197768,19375
0,96780,103649,6869
0,37952,52990,15038
1,57000,106452,49452
0,54665,72319,17654
0,53503,55016,1513
1,59421,70297,10876
0,83138,114712,31574
0,15025,20823,5798
1,31800,67104,35304
1,20780,25190,4410
0,148606,184305,35699
1,166530,200660,34130
0,175085,181744,6659
1,92841,114352,21511
0,17117,56980,39863
0,117390,123634,6244
0,38733,67010,28277
1,78000,96504,18504
0,21526,68663,47137
1,87450,94889,7439
0,174913,177300,2387
0,166997,198738,31741
1,31190,63895,32705
1,70015,119678,49663
1,17603,54806,37203
1,25100,52767,27667
1,43001,64547,21546
1,14908,60196,45288
1,90000,113030,23030
1,39903,82250,42347
0,20508,64112,43604
1,148867,163397,14530
0,78961,81843,2882
0,30248,68734,38486
1,148225,175098,26873
0,64240,104936,40696
1,79790,129264,49474
0,46932,51507,4575
0,108344,132741,24397
0,40042,41843,1801
1,90328,98047,7719
0,61903,74697,12794
0,69049,71265,2216
0,106419,112144,5725
0,27009,43901,16892
1,60396,98684,38288
0,39693,44441,4748
1,125932,150446,24514
0,81186,88009,6823
1,54097,93014,38917
1,15964,59234,43270
1,23549,57263,33714
1,22808,54179,31371
0,82990,120928,37938
1,18983,38941,19958
1,112000,138555,26555
0,72435,88439,16004
1,54199,97392,43193
0,69500,94773,25273
0,51370,68748,17378
0,21713,31844,10131
1,132029,158033,26004
1,170264,174187,3923
1,18324,54046,35722
1,33799,60863,27064
0,162002,202254,40252
1,26530,57845,31315
0,70055,84884,14829
0,39322,47779,8457
0,101522,129090,27568
1,82653,110101,27448
0,65116,107795,42679
0,11833,17322,5489
1,19485,58663,39178
1,99000,137084,38084
0,111441,138594,27153
1,46246,80574,34328
1,40001,76041,36040
1,66229,109986,43757
1,76400,110661,34261
1,105488,141476,35988
0,66519,108002,41483
0,36326,65631,29305
1,25238,39078,13840
1,118622,129021,10399
0,37293,84808,47515
0,120792,161802,41010
0,30942,35060,4118
1,42309,80062,37753
0,56374,91088,34714
0,82899,105202,22303
1,58818,72377,13559
1,65540,93683,28143
0,151678,169725,18047
1,23015,34411,11396
0,17315,50195,32880
1,118193,130359,12166
0,114838,164046,49208
0,67116,77650,10534
0,67385,76666,9281
0,36914,69023,32109
1,70000,72828,2828
0,95051,130500,35449
1,40652,74970,34318
0,35940,65822,29882
0,35532,63924,28392
0,160582,202620,42038
0,85395,93851,8456
0,117437,155872,38435
0,99030,109095,10065
0,64204,72892,8688
0,73200,82720,9520
0,75230,110850,35620
1,32090,69183,37093
1,23100,37625,14525
1,66746,68524,1778
0,37990,53653,15663
1,39416,81347,41931
0,23496,34634,11138
0,33384,80028,46644
0,31596,63052,31456
0,82920,104021,21101
1,93244,135322,42078
0,120937,134429,13492
0,178765,220548,41783
1,113290,151586,38296
0,133668,173470,39802
0,73296,80070,6774
0,35104,74209,39105
0,122674,129954,7280
1,74876,81884,7008
1,29504,73854,44350
0,92202,132805,40603
1,26900,63846,36946
0,44252,68270,24018
0,36222,62440,26218
1,28424,31583,3159
1,80000,102656,22656
0,121046,127988,6942
1,65310,67922,2612
1,112000,129597,17597
1,102279,142202,39923
0,32497,38465,5968
0,26569,48168,21599
0,35549,81666,46117
0,43702,62028,18326
0,78293,96278,17985
0,16523,46283,29760
1,33922,82527,48605
1,39432,68783,29351
0,48989,71788,22799
0,73061,112755,39694
1,119000,135992,16992
1,146359,180235,33876
0,126713,152758,26045
0,128822,152150,23328
0,86833,115805,28972
1,94771,109704,14933
1,37638,64952,27314
0,84958,92767,7809
0,140807,150886,10079
0,99221,99840,619
0,142523,151780,9257
0,53446,73752,20306
1,130964,167135,36171
1,33316,55086,21770
1,75000,82863,7863
0,56447,99936,43489
0,104686,113427,8741
0,129420,138994,9574
0,43095,91218,48123
0,23447,37210,13763
1,30176,68218,38042
0,47030,48506,1476
0,75081,100791,25710
0,72456,116474,44018
0,103822,118155,14333
0,30553,79541,48988
1,154203,192192,37989
1,93175,96081,2906
1,29190,62587,33397
1,75100,91142,16042
0,84166,104142,19976
0,53609,54118,509
1,120000,143993,23993
1,84361,111274,26913
0,87204,129648,42444
1,62000,91286,29286
0,181472,224285,42813
1,51074,67668,16594
0,54514,76245,21731
1,47565,68942,21377
1,96092,115460,19368
0,196325,216978,20653
0,78228,87418,9190
0,45285,82010,36725
0,31850,73286,41436
1,54012,73845,19833
0,55819,89886,34067
0,85934,121443,35509
1,136415,154525,18110
0,157611,167639,10028
1,28730,34384,5654
1,37000,75866,38866
1,154830,203272,48442
0,53421,102923,49502
1,141058,149622,8564
0,142755,180043,37288
1,46428,92086,45658
1,157321,172722,15401
0,165499,211162,45663
0,197495,214313,16818
0,110727,126594,15867
1,165161,172335,7174
0,25497,39337,13840
1,13039,46511,33472
1,44000,69614,25614
0,112662,135429,22767
1,81999,119300,37301
0,42924,77175,34251
0,21892,66026,44134
1,105645,140102,34457
0,117020,162275,45255
1,85400,134802,49402
0,32094,70820,38726
0,43652,84254,40602
1,110500,142047,31547
0,96308,141291,44983
1,105548,118557,13009
1,21346,41116,19770
0,158591,198450,39859
1,20564,55626,35062
0,80156,115148,34992
0,85707,98326,12619
1,36154,39846,3692
1,180000,228065,48065
0,51313,58528,7215
1,76852,105861,29009
1,33000,56927,23927
1,33846,60154,26308
1,21773,37957,16184
1,103836,116889,13053
0,66287,108104,41817
1,30025,34629,4604
0,90268,126828,36560
0,42652,74742,32090
1,60631,79121,18490
1,36198,52882,16684
1,42250,66274,24024
1,27226,66979,39753
0,37312,54283,16971
0,102866,141025,38159
1,40235,69959,29724
1,59585,70621,11036
0,51198,88398,37200
1,63996,73545,9549
1,51000,90902,39902
1,80187,90724,10537
0,33750,64993,31243
0,36405,64584,28179
1,47330,65684,18354
1,102689,106733,4044
0,87020,133444,46424
0,59409,61054,1645
0,84000,107060,23060
1,103000,124413,21413
1,14539,49493,34954
0,84458,103174,18716
0,51549,100413,48864
1,68424,96908,28484
0,15450,48205,32755
0,80052,91950,11898
0,55000,59136,4136
0,103359,133733,30374
0,138704,163429,24725
0,17200,50069,32869
0,89429,120622,31193
0,116132,132647,16515
1,41283,66329,25046
1,48032,73116,25084
0,96158,119920,23762
0,63342,69122,5780
1,68346,94327,25981
1,103006,118809,15803
1,60200,91955,31755
1,98063,123977,25914
1,74000,110258,36258
1,155000,163869,8869
1,113422,150072,36650
0,177625,227160,49535
0,52196,58705,6509
0,37410,50567,13157
1,60308,62602,2294
0,79293,116193,36900
1,65000,85845,20845
1,54000,101939,47939
1,94240,137074,42834
0,49000,68757,19757
0,120338,146795,26457
1,67686,95561,27875
1,90575,132709,42134
1,50594,56765,6171
0,84706,119443,34737
0,145571,162134,16563
0,21667,55433,33766
1,110756,140485,29729
0,71959,95120,23161
1,116000,151144,35144
1,83745,125596,41851
0,97563,99365,1802
0,63789,65167,1378
0,71500,91060,19560
0,65823,68301,2478
1,18573,68364,49791
1,60454,74092,13638
1,14674,45318,30644
1,36355,42260,5905
1,52552,93095,40543
1,78108,88075,9967
1,195569,208456,12887
0,119308,121213,1905
1,43367,87030,43663
1,31168,32442,1274
1,156334,181264,24930
0,22087,71496,49409
0,117493,146095,28602
0,127223,133499,6276
1,46005,55763,9758
0,59700,63438,3738
0,65265,72384,7119
1,119941,149466,29525
0,59712,64930,5218
0,26629,33284,6655
0,31355,64176,32821
0,64169,73872,9703
0,14862,29676,14814
1,57000,61864,4864
1,180615,184064,3449
1,35738,52192,16454
1,109148,144051,34903
0,109462,158423,48961
1,73134,100943,27809
0,18595,63242,44647
0,106532,131718,25186
0,22981,31524,8543
0,101824,105590,3766
1,43274,64657,21383
0,108511,138217,29706
1,150000,198633,48633
0,23134,56409,33275
0,22256,64615,42359
1,20005,67970,47965
0,119745,169021,49276
0,30114,36834,6720
1,50319,54164,3845
1,45424,69343,23919
1,20306,27286,6980
0,143571,164825,21254
1,140931,149347,8416
0,36086,38480,2394
0,65015,73360,8345
1,49191,91531,42340
1,41839,60462,18623
1,114886,151826,36940
1,86000,100763,14763
0,11825,57458,45633
1,65574,105705,40131
1,96258,138033,41775
1,49314,67524,18210
1,117625,154935,37310
1,53339,81265,27926
0,43389,73331,29942
1,35122,36035,913
0,26226,63970,37744
0,95194,102681,7487
0,111767,132989,21222
1,38887,67610,28723
1,17892,53675,35783
1,10292,29784,19492
0,20253,35767,15514
0,60681,79433,18752
1,72000,89059,17059
1,76000,91753,15753
1,96946,137361,40415
0,54890,85923,31033
1,65324,82424,17100
0,16176,62040,45864
0,68697,90695,21998
0,52425,82629,30204
1,32364,69794,37430
1,177952,203417,25465
0,106256,107512,1256
0,17200,20955,3755
1,81415,125414,43999
1,122200,137125,14925
1,82207,99021,16814
0,151875,175920,24045
1,61274,100182,38908
1,121409,122924,1515
0,28996,32337,3341
1,47214,62858,15644
0,133502,177575,44073
1,70031,74061,4030
1,29461,60905,31444
1,17821,37531,19710
0,132327,144344,12017
0,77843,78221,378
1,91890,126852,34962
0,42288,49843,7555
1,44033,76272,32239
0,144177,144600,423
0,91079,96058,4979
1,100000,108950,8950
1,42000,50035,8035
1,69347,97549,28202
0,100087,139410,39323
1,162992,178754,15762
1,33292,74163,40871
0,68848,90103,21255
1,68599,118553,49954
1,23769,33216,9447
1,139709,166311,26602
0,96408,129723,33315
0,38516,67847,29331
0,48391,71918,23527
1,16000,51299,35299
0,25998,47884,21886
0,88156,109951,21795
1,78501,79736,1235
1,98182,131158,32976
1,108210,110791,2581
0,11501,35795,24294
1,53817,60088,6271
1,85000,121591,36591
0,93162,103048,9886
1,48819,87760,38941
0,76753,86902,10149
1,120000,127294,7294
0,99408,120721,21313
1,51703,94301,42598
1,32381,39155,6774
0,84207,106269,22062
1,66282,109793,43511
1,50331,57521,7190
0,117154,119069,1915
0,149585,196461,46876
0,42052,84571,42519
0,88533,88594,61
1,75000,120037,45037
1,113946,135960,22014
1,167302,173449,6147
0,87403,105090,17687
1,42000,64926,22926
1,110000,130498,20498
0,21301,37240,15939
1,85118,115389,30271
0,90452,100203,9751
1,148253,151494,3241
0,30166,40287,10121
0,170061,180332,10271
0,29186,31798,2612
0,68328,114422,46094
1,44710,68559,23849
0,34370,41792,7422
1,40465,44879,4414
0,14934,43978,29044
1,91170,115255,24085
1,47468,61455,13987
1,60000,90647,30647
0,56335,71172,14837
0,117128,139627,22499
0,141209,160951,19742
0,23934,71678,47744
1,149410,193188,43778
0,40294,41488,1194
1,66813,75208,8395
0,48000,96593,48593
0,12601,38879,26278
0,53427,102546,49119
0,112571,121657,9086
0,39613,72473,32860
0,27458,34400,6942
0,128154,149375,21221
1,62178,76146,13968
0,134628,184481,49853
0,123354,168298,44944
1,50774,89155,38381
0,27509,68933,41424
1,48582,49258,676
0,12693,13848,1155
0,43800,74547,30747
1,101896,107896,6000
0,77885,126499,48614
1,121156,149658,28502
1,28000,45234,17234
0,130979,155421,24442
1,24655,58966,34311
0,156194,159836,3642
0,50520,69202,18682
0,74874,99997,25123
1,77000,106252,29252
0,91937,122852,30915
1,181375,228592,47217
1,81153,102775,21622
0,123755,164651,40896
0,23681,35750,12069
0,44759,49496,4737
0,171843,172525,682
1,123057,134307,11250
0,99264,124894,25630
0,38256,49557,11301
0,37144,48502,11358
1,95790,100403,4613
0,122605,127960,5355
1,125000,135923,10923
1,26712,67719,41007
0,28962,31800,2838
0,76059,81713,5654
1,68666,70626,1960
1,101579,115379,13800
1,40000,42031,2031
0,98118,99686,1568
1,80000,114741,34741
1,97101,107481,10380
1,116971,133931,16960
1,178072,212679,34607
1,110918,141786,30868
1,56374,79256,22882
0,137546,147154,9608
0,16710,63507,46797
1,32500,67432,34932
1,21082,31972,10890
1,36000,38390,2390
0,195123,197603,2480
0,117449,123629,6180
1,110245,122441,12196
0,65811,73953,8142
1,30000,57611,27611
1,135000,144158,9158
1,65482,95431,29949
0,91143,92477,1334
0,42984,80428,37444
0,60043,98198,38155
1,185000,233541,48541
1,20028,33388,13360
1,113000,148775,35775
1,110284,154571,44287
0,28172,60014,31842
0,55914,82057,26143
1,28000,38191,10191
1,44261,63292,19031
1,55000,93882,38882
1,100222,106526,6304
0,198575,244522,45947
0,47954,59625,11671
0,69143,103560,34417
1,75022,118369,43347
1,35976,72613,36637
0,54608,64317,9709
1,47224,91901,44677
0,55127,76430,21303
0,67777,117370,49593
0,27189,66766,39577
1,65018,94663,29645
0,107849,151256,43407
0,162799,204767,41968
1,120925,134919,13994
0,73546,91233,17687
0,40295,85660,45365
0,55752,83023,27271
1,62000,88086,26086
0,163425,207383,43958
1,63000,101614,38614
1,50000,56726,6726
1,87089,87252,163
0,12179,20357,8178
1,11200,21517,10317
1,35955,44735,8780
1,68000,85529,17529
0,81963,112058,30095
0,183966,210546,26580
1,31567,52813,21246
1,72107,97321,25214
0,89493,103191,13698
1,79205,102288,23083
0,28649,45819,17170
1,25000,44109,19109
1,133172,166593,33421
1,84000,100523,16523
0,162305,202803,40498
0,70730,105739,35009
0,12872,25414,12542
0,31824,48431,16607
1,117189,119264,2075
1,156613,190964,34351
1,18493,47275,28782
0,52146,64663,12517
0,71878,94279,22401
0,32430,46396,13966
0,29216,75637,46421
0,41473,87942,46469
0,66620,82804,16184
0,41749,87649,45900
0,28895,32851,3956
0,122291,131358,9067
1,160000,203704,43704
0,74276,90300,16024
0,121914,150408,28494
1,103176,130842,27666
0,194821,202779,7958
0,49627,51362,1735
1,122931,170794,47863
0,73966,79707,5741
1,129000,144199,15199
1,31747,41064,9317
1,17000,35157,18157
0,24560,27514,2954
0,24610,26062,1452
0,58000,103236,45236
0,85212,111161,25949
1,64014,86030,22016
0,109178,158121,48943
0,83246,88812,5566
0,150021,175738,25717
1,114625,138436,23811
0,170050,191119,21069
0,42676,79921,37245
0,27046,35712,8666
0,94005,120346,26341
0,53897,88743,34846
0,58528,99590,41062
1,27265,47542,20277
0,13600,16190,2590
1,149732,189981,40249
0,118774,142637,23863
1,11502,59201,47699
0,11585,37092,25507
1,20876,29565,8689
1,85597,114096,28499
1,85245,93498,8253
1,36799,60909,24110
1,45900,86444,40544
1,188578,220316,31738
0,66000,76470,10470
0,74709,110821,36112
0,165056,167488,2432
0,115774,132314,16540
1,60660,103395,42735
1,51700,87948,36248
1,161734,182608,20874
1,76581,126191,49610
0,107821,140845,33024
0,63881,101794,37913
0,57364,78150,20786
0,156607,161691,5084
0,25683,62315,36632
0,33681,65744,32063
0,62034,66509,4475
1,37396,50897,13501
1,15736,38893,23157
1,51620,77563,25943
1,35256,41782,6526
0,37387,64661,27274
1,120399,134655,14256
0,158000,204832,46832
1,170641,218516,47875
0,105587,145151,39564
0,94872,124884,30012
1,23727,40922,17195
0,41448,71842,30394
1,29646,73401,43755
0,136340,169617,33277
1,51847,93175,41328
1,53385,68794,15409
0,24516,51581,27065
1,107771,142695,34924
0,72550,91873,19323
0,28645,31443,2798
1,125920,156927,31007
1,92450,126042,33592
0,184000,198053,14053
1,121600,158340,36740
0,103208,135342,32134
0,50000,64014,14014
0,53180,101157,47977
0,27558,38061,10503
0,99514,109283,9769
1,90352,130194,39842
1,64053,88567,24514
0,23109,49822,26713
0,13733,54828,41095
1,33058,51138,18080
1,32426,42213,9787
1,61032,95926,34894
1,94934,133147,38213
0,27414,51213,23799
1,75464,92201,16737
0,66972,91277,24305
1,57539,63505,5966
0,65856,82076,16220
0,38996,68945,29949
1,50000,54193,4193
0,40802,79799,38997
0,178281,193388,15107
1,35597,46211,10614
0,18772,18787,15
1,38795,50804,12009
1,97000,130238,33238
1,31922,60986,29064
0,69231,82376,13145
0,110369,117358,6989
1,68552,96633,28081
1,64681,109800,45119
0,85245,97296,12051
0,28765,75927,47162
0,52998,87781,34783
1,60000,72296,12296
1,40162,43683,3521
1,44713,92394,47681
0,136669,171071,34402
1,14762,63163,48401
0,85736,103747,18011
1,49294,71378,22084
1,83849,113792,29943
0,61067,73451,12384
0,72028,98994,26966
1,54998,82817,27819
0,64265,85891,21626
1,149000,152655,3655
0,148533,167729,19196
1,28616,59642,31026
0,44274,87757,43483
1,38793,58913,20120
0,119375,135874,16499
0,51285,94998,43713
1,114709,115852,1143
0,152078,181173,29095
0,127482,129166,1684
0,26940,43242,16302
0,52693,61955,9262
1,19500,50280,30780
1,106953,124370,17417
1,77855,101800,23945
0,28902,34557,5655
0,49565,58473,8908
0,99230,109768,10538
1,12073,53943,41870
1,26000,36308,10308
0,79283,85321,6038
0,53794,93063,39269
0,22639,25788,3149
1,121027,156790,35763
0,110293,111874,1581
0,90874,128341,37467
0,46862,92593,45731
1,100000,119046,19046
1,66487,105652,39165
0,42178,70466,28288
0,179180,189858,10678
1,35615,84713,49098
1,12532,60092,47560
1,49500,75355,25855
0,45333,94017,48684
0,120096,149413,29317
1,13073,22226,9153
0,28742,31868,3126
0,168810,201204,32394
1,66384,110634,44250
0,61674,81613,19939
1,130698,158486,27788
0,87530,105586,18056
1,91741,106022,14281
0,171669,178711,7042
0,151439,161138,9699
1,176503,218269,41766
1,34383,59176,24793
1,140000,180215,40215
0,90150,104840,14690
1,16662,46626,29964
1,30005,69445,39440
1,32042,77238,45196
0,68752,97650,28898
0,13229,57751,44522
0,132033,175684,43651
0,140536,184495,43959
1,51000,79169,28169
1,110027,128877,18850
0,40363,67382,27019
0,105554,130012,24458
1,180661,208575,27914
0,34683,73459,38776
0,64400,65137,737
0,15716,18862,3146
1,48282,48915,633
0,12230,28734,16504
0,21560,58621,37061
0,135943,153782,17839
1,68103,96632,28529
0,46590,57087,10497
0,61530,95098,33568
1,87000,89463,2463
1,28002,58487,30485
0,72592,84018,11426
0,67821,90151,22330
1,51254,68891,17637
0,21297,57937,36640
0,21250,28432,7182
0,69997,89228,19231
1,111000,143502,32502
0,45453,56670,11217
1,75619,86568,10949
1,32027,49501,17474
0,47761,71640,23879
1,165912,189490,23578
0,68612,86583,17971
0,79909,99524,19615
0,92895,103106,10211
1,50424,89771,39347
0,45409,89879,44470
1,60500,108537,48037
0,49222,75187,25965
1,40124,83259,43135
0,27660,41912,14252
1,118804,156153,37349
0,72828,84577,11749
0,24492,49787,25295
0,66940,86000,19060
1,78962,102027,23065
0,66340,109483,43143
0,60174,65800,5626
1,112930,141852,28922
0,77791,120339,42548
1,89500,99684,10184
0,136229,142389,6160
1,107917,136887,28970
1,52923,69903,16980
1,35472,70699,35227
1,91252,135375,44123
1,22200,23055,855
1,14600,20490,5890
1,39354,88458,49104
1,41375,60836,19461
0,27005,37770,10765
1,51000,60515,9515
1,102524,140222,37698
0,22116,59580,37464
1,24509,36160,11651
1,17631,65627,47996
1,177039,205859,28820
0,68230,89580,21350
1,35290,63568,28278
0,82494,87497,5003
0,34667,52387,17720
1,180000,218766,38766
0,32798,58745,25947
0,63619,79311,15692
0,58418,75709,17291
0,64956,83688,18732
0,81313,100021,18708
0,55538,82768,27230
0,94971,97219,2248
0,16200,27378,11178
1,39111,53180,14069
1,33525,41983,8458
1,50483,78482,27999
1,33415,49927,16512
0,25907,52579,26672
0,39991,42099,2108
1,31207,69497,38290
1,46000,51766,5766
1,79088,113128,34040
0,71898,121138,49240
1,28257,59372,31115
0,115500,117266,1766
0,71919,72970,1051
1,16107,59436,43329
0,108338,147538,39200
1,17293,43131,25838
1,69791,116532,46741
1,67892,84618,16726
0,50655,83108,32453
1,44490,70344,25854
1,82665,116403,33738
0,69861,93209,23348
0,45928,61695,15767
0,13079,57895,44816
1,28000,43046,15046
1,86621,119035,32414
0,157140,157402,262
0,86480,101369,14889
1,84807,111776,26969
1,156632,199245,42613
1,142574,186728,44154
1,54700,57181,2481
0,16585,21592,5007
1,80514,108399,27885
1,88170,106899,18729
1,32891,79966,47075
0,158945,179429,20484
0,96306,114595,18289
0,51905,61805,9900
0,139273,170606,31333
0,153534,179789,26255
0,56923,68363,11440
0,71274,84088,12814
0,84923,97067,12144
1,56458,63607,7149
1,140375,156461,16086
1,35647,79005,43358
0,41201,70083,28882
1,88894,136641,47747
1,173266,196757,23491
1,51010,76109,25099
1,116107,157514,41407
1,20478,46093,25615
1,176465,195069,18604
1,59000,82459,23459
0,47264,66164,18900
0,54607,54784,177
1,120919,126378,5459
0,141798,152810,11012
1,87525,133129,45604
1,100000,131092,31092
1,75783,81518,5735
0,82032,115427,33395
0,50443,68184,17741
1,87405,131306,43901
1,162401,203629,41228
1,44287,76575,32288
1,24000,29111,5111
0,88979,134818,45839
1,179686,216108,36422
1,72718,114636,41918
1,118837,144585,25748
0,35640,61794,26154
0,71522,85737,14215
1,90868,134231,43363
0,123978,151685,27707
1,137045,173125,36080
0,37897,69893,31996
1,20065,52726,32661
1,95888,127525,31637
1,76592,84553,7961
1,82523,126017,43494
1,62025,96677,34652
1,20965,26353,5388
1,65000,98441,33441
1,37685,38373,688
1,33148,40603,7455
1,43438,46502,3064
1,16342,37653,21311
1,67267,102442,35175
0,54220,82704,28484
0,144321,145920,1599
0,115412,157880,42468
1,108421,137033,28612
0,21673,65469,43796
0,107054,149562,42508
0,109790,156759,46969
0,35063,41924,6861
0,114217,151987,37770
0,36708,68800,32092
0,44888,77798,32910
0,128422,143396,14974
1,43694,57504,13810
0,71721,72491,770
1,51593,92065,40472
0,70201,87422,17221
0,20474,24608,4134
0,48453,74287,25834
1,60320,99593,39273
0,12633,46116,33483
0,48175,62597,14422
1,70900,77583,6683
1,76105,100911,24806
1,122447,149082,26635
0,51916,56688,4772
1,75532,121840,46308
0,11963,13011,1048
0,130995,159323,28328
1,89984,118222,28238
1,20773,27335,6562
0,115328,130811,15483
0,17910,56302,38392
1,70704,73738,3034
0,35315,67890,32575
1,61544,92827,31283
1,33053,74406,41353
1,20851,67627,46776
0,70731,96804,26073
1,75674,78504,2830
1,64281,98472,34191
1,138958,167718,28760
0,43948,75432,31484
1,25152,58430,33278
1,75541,101108,25567
1,14500,24862,10362
0,137382,177202,39820
0,23466,45139,21673
1,101494,133354,31860
1,11005,30341,19336
1,100000,123744,23744
0,89242,108714,19472
0,113000,130303,17303
1,121916,154809,32893
1,20496,60090,39594
1,45123,80792,35669
0,124100,157918,33818
0,40400,90147,49747
0,59900,89439,29539
1,32674,81040,48366
1,30000,38418,8418
1,52713,95371,42658
1,62745,90654,27909
0,19520,23410,3890
0,73334,95746,22412
0,55600,92680,37080
0,105997,110265,4268
1,93571,131617,38046
0,160736,161476,740
0,101830,102057,227
1,38137,39481,1344
1,45953,65866,19913
1,80946,118144,37198
0,16795,47187,30392
0,140584,166264,25680
1,100309,117458,17149
0,63710,86949,23239
0,63434,73154,9720
1,50235,65475,15240
1,111492,121071,9579
0,124277,142937,18660
0,27631,35454,7823
0,61744,70339,8595
0,112716,147828,35112
0,126600,151232,24632
1,115131,118672,3541
0,110861,114950,4089
1,44074,75573,31499
0,116893,145632,28739
0,69778,85482,15704
1,86000,88688,2688
1,41000,68347,27347
1,26568,72139,45571
0,75795,105242,29447
0,40795,41334,539
1,111283,117165,5882
0,38658,79235,40577
0,81411,122513,41102
1,73989,83275,9286
1,11496,41890,30394
0,75189,88407,13218
1,77739,94455,16716
1,28000,58878,30878
1,86000,135051,49051
1,71191,91550,20359
0,173697,184217,10520
1,134153,136954,2801
0,131428,135747,4319
0,20907,45085,24178
1,11974,38524,26550
1,100451,145750,45299
0,29796,74175,44379
1,87508,125199,37691
0,111897,145085,33188
0,56268,71237,14969
1,28297,36829,8532
1,135982,145243,9261
0,119210,145289,26079
0,57352,59768,2416
0,70392,80100,9708
1,117000,156588,39588
1,16000,46409,30409
0,36223,67837,31614
0,19343,60909,41566
1,22550,66161,43611
0,78776,102811,24035
1,114045,162740,48695
1,22626,70830,48204
0,13296,18689,5393
1,20582,60213,39631
1,48836,72259,23423
1,74200,87628,13428
1,54429,69619,15190
0,41192,53551,12359
1,55600,104199,48599
1,44526,67195,22669
0,45200,76521,31321
1,71460,95773,24313
0,56000,92755,36755
0,51380,65342,13962
0,21708,40089,18381
1,35867,57344,21477
0,20837,37473,16636
0,37555,47247,9692
0,18362,36736,18374
1,20500,53835,33335
0,101128,118853,17725
1,169491,184225,14734
0,89122,137132,48010
1,18085,51331,33246
0,67320,102556,35236
0,34230,57461,23231
0,53339,93927,40588
1,110339,116664,6325
1,160000,198288,38288
0,17463,53662,36199
0,74543,82999,8456
0,58572,74279,15707
0,134134,152809,18675
1,87000,120181,33181
0,73731,101592,27861
0,184988,205869,20881
0,82507,103172,20665
0,106798,139435,32637
0,78626,111996,33370
0,141203,183237,42034
0,70780,88994,18214
0,176786,186475,9689
0,52792,57609,4817
0,114997,115224,227
1,40280,64236,23956
0,97957,115758,17801
0,31300,57880,26580
1,55799,102343,46544
0,124425,154904,30479
0,19819,37367,17548
1,58396,96516,38120
1,85664,132443,46779
0,78661,100583,21922
1,30520,78800,48280
1,58139,94719,36580
0,67983,87807,19824
1,80917,122690,41773
0,32785,76400,43615
0,174254,194205,19951
1,16335,48522,32187
1,21989,60778,38789
1,82513,131727,49214
1,16731,36832,20101
1,21423,28647,7224
0,126562,164202,37640
0,54056,69335,15279
1,120025,126217,6192
0,77143,113018,35875
1,34905,71017,36112
1,57000,95939,38939
1,84500,114919,30419
0,144187,193781,49594
0,60961,89761,28800
0,20800,47336,26536
0,17007,28611,11604
0,85887,124043,38156
1,75362,119208,43846
1,31755,37816,6061
1,33758,41565,7807
0,44000,61525,17525
0,58901,59470,569
1,37514,84642,47128
1,130000,162325,32325
1,110735,145952,35217
1,26581,74312,47731
0,12343,21454,9111
0,37500,40163,2663
1,60644,89670,29026
1,176866,196595,19729
1,32015,40519,8504
0,105726,135195,29469
1,43483,62224,18741
0,85514,90161,4647
1,16238,23981,7743
0,100640,148867,48227
1,100000,114447,14447
0,75438,117873,42435
1,130814,168308,37494
1,35431,52409,16978
0,102860,124410,21550
1,170940,179858,8918
1,47000,52839,5839
1,97550,147516,49966
1,21000,41343,20343
1,12795,51174,38379
1,18600,34362,15762
1,31263,77089,45826
0,17042,20093,3051
1,78914,101286,22372
0,17432,37486,20054
0,67114,106949,39835
0,146990,192223,45233
0,29843,36409,6566
1,88205,109711,21506
1,76136,121953,45817
1,35381,74580,39199
0,49392,64989,15597
0,20223,36201,15978
1,38787,84563,45776
1,122000,123044,1044
0,41223,43461,2238
1,58000,67546,9546
0,11076,18157,7081
0,26636,34031,7395
0,115965,123740,7775
1,63456,100796,37340
1,20415,64053,43638
1,18974,65714,46740
1,49500,84342,34842
0,69028,86532,17504
0,62731,93686,30955
0,103321,125500,22179
0,37975,51564,13589
1,145456,171498,26042
0,67693,76856,9163
1,35670,83823,48153
0,108712,114774,6062
0,60172,95763,35591
1,29262,49978,20716
0,90543,108597,18054
0,91046,102745,11699
0,85798,90524,4726
0,57131,67275,10144
1,17090,57769,40679
0,93048,113432,20384
0,117408,146346,28938
0,97180,129400,32220
1,81000,109547,28547
1,55045,82752,27707
1,22400,30648,8248
0,162699,174782,12083
1,23847,39093,15246
1,49113,79280,30167
1,23009,69943,46934
1,38000,77793,39793
0,46040,53966,7926
0,76076,82586,6510
1,29434,56528,27094
0,84676,96346,11670
0,45515,54573,9058
0,162877,201756,38879
1,50000,64209,14209
0,78495,94066,15571
1,81000,117573,36573
1,75925,122983,47058
0,97088,143649,46561
0,76557,84916,8359
0,33121,57816,24695
0,59980,68691,8711
0,31855,62168,30313
1,120948,139030,18082
0,104252,116620,12368
1,26549,59187,32638
1,145603,154586,8983
0,22169,33660,11491
0,32297,73021,40724
0,43306,75589,32283
1,131134,178878,47744
0,43734,44624,890
1,70224,90268,20044
0,135930,158525,22595
0,156101,182316,26215
1,59000,85427,26427
0,66899,80220,13321
0,124851,136511,11660
1,21518,56730,35212
0,64610,111907,47297
0,93561,139316,45755
1,24813,60297,35484
1,79252,96322,17070
0,190100,202756,12656
0,76880,97694,20814
0,78920,103643,24723
0,173010,217931,44921
0,51243,96117,44874
1,167000,195343,28343
0,54719,65188,10469
1,31692,39422,7730
1,91000,111132,20132
1,38000,38622,622
0,99209,147835,48626
0,18234,33949,15715
0,28794,44842,16048
1,54992,103845,48853
1,17897,33717,15820
1,19740,65849,46109
0,45935,56653,10718
0,80000,100967,20967
1,45634,93291,47657
1,10813,42169,31356
1,85092,103235,18143
0,122834,155423,32589
1,81000,118902,37902
1,50000,92428,42428
1,160000,190199,30199
0,44875,59121,14246
1,65006,75251,10245
1,31000,36738,5738
1,40500,83156,42656
0,29577,52129,22552
0,62807,63058,251
0,139856,162964,23108
1,68323,116223,47900
1,85264,114591,29327
1,134697,164701,30004
0,63830,93419,29589
0,22654,63947,41293
0,39552,79295,39743
0,62194,74061,11867
0,10467,51025,40558
0,42396,49261,6865
1,39000,47946,8946
0,14200,31443,17243
1,59631,83723,24092
1,94000,122371,28371
0,132625,141895,9270
0,18000,45956,27956
1,65186,101543,36357
1,114119,143905,29786
0,43739,76548,32809
0,150213,191670,41457
0,24378,60372,35994
1,121045,145624,24579
0,45096,60490,15394
0,19290,52337,33047
0,28184,38289,10105
1,25000,65846,40846
1,67616,106742,39126
0,89012,107504,18492
1,69935,83781,13846
1,154405,167432,13027
1,21600,44246,22646
1,35085,59771,24686
0,181362,227427,46065
1,82500,90096,7596
1,45282,51899,6617
0,77900,87347,9447
1,15600,30579,14979
0,66338,109469,43131
0,39585,80851,41266
1,52650,85882,33232
1,113594,142131,28537
0,50852,83222,32370
1,126020,127712,1692
0,32419,77116,44697
1,66526,83504,16978
0,128316,165939,37623
1,180000,220774,40774
0,59026,100947,41921
1,63791,105798,42007
1,19573,28132,8559
0,23910,59368,35458
0,71057,112573,41516
1,31844,63241,31397
0,55702,69603,13901
1,61495,90381,28886
0,130388,132446,2058
0,134436,137049,2613
0,128405,137116,8711
1,44151,51312,7161
0,160337,181118,20781
0,33741,61099,27358
1,33000,42641,9641
1,106071,139791,33720
0,104790,117174,12384
0,139320,151345,12025
0,17026,45338,28312
0,54973,67316,12343
0,139592,147779,8187
1,163082,206109,43027
0,78028,121422,43394
1,80500,80692,192
1,149509,198865,49356
0,43160,80689,37529
1,100364,139188,38824
1,28449,29668,1219
1,74988,105924,30936
0,17943,58184,40241
1,29000,41565,12565
0,55850,89956,34106
1,20891,29968,9077
0,64631,65398,767
1,80000,118305,38305
0,24000,26601,2601
0,27322,54907,27585
1,130610,148032,17422
0,47359,68208,20849
1,27646,61990,34344
0,128987,133958,4971
1,80000,83817,3817
1,49689,70475,20786
0,64034,112741,48707
1,14000,28562,14562
0,67473,93694,26221
0,86065,117254,31189
0,65421,103721,38300
1,85403,126282,40879
0,81343,112374,31031
1,76244,123112,46868
1,22482,67597,45115
0,137741,175165,37424
1,62000,79083,17083
0,45128,48442,3314
1,54500,70525,16025
0,98950,125406,26456
1,96000,106206,10206
1,53587,91382,37795
1,91022,101091,10069
1,29419,71168,41749
1,91902,139898,47996
1,47720,91906,44186
0,65212,80979,15767
1,70592,72298,1706
1,53203,89187,35984
1,66809,109810,43001
1,59206,103206,44000
0,51987,78075,26088
0,67445,107921,40476
1,57000,97152,40152
1,39119,83124,44005
1,60037,104036,43999
1,64541,102834,38293
1,34025,69595,35570
1,16425,21876,5451
0,33940,55593,21653
1,52694,87726,35032
0,40631,68399,27768
1,54461,70122,15661
1,85460,115850,30390
0,54000,59267,5267
1,10282,38591,28309
1,17000,62184,45184
0,72207,89752,17545
0,80210,98304,18094
0,73021,111670,38649
0,157892,189184,31292
0,19788,35091,15303
0,107765,127987,20222
0,111024,129252,18228
0,62981,93314,30333
1,65505,83376,17871
0,77042,93042,16000
1,50170,84586,34416
0,38143,85183,47040
0,78400,121898,43498
0,32093,54960,22867
1,58257,99078,40821
1,59221,107789,48568
1,30006,60363,30357
1,182133,185831,3698
1,67000,102701,35701
1,90328,119997,29669
1,40702,63148,22446
1,106000,116269,10269
1,75001,98459,23458
1,59682,77000,17318
1,24604,67187,42583
0,25939,75738,49799
0,181395,226022,44627
1,37571,76570,38999
0,105420,108740,3320
1,29542,76327,46785
0,55400,77503,22103
0,137086,186417,49331
0,110827,157140,46313
1,23252,60599,37347
1,14917,55119,40202
1,36184,58898,22714
0,64414,105672,41258
0,69507,116736,47229
0,87656,105497,17841
0,182876,212219,29343
0,30758,70659,39901
0,95208,117243,22035
0,94599,111620,17021
0,78871,94999,16128
1,71823,98349,26526
0,66689,81257,14568
1,66000,83750,17750
1,164000,202798,38798
0,53449,81009,27560
1,10884,49134,38250
0,80318,108210,27892
0,60955,97245,36290
0,159526,180245,20719
1,48702,59965,11263
0,49509,74760,25251
1,31664,69808,38144
0,29403,61403,32000
1,77570,125426,47856
0,69629,115740,46111
0,100207,113213,13006
0,110890,126364,15474
0,40227,41229,1002
1,49917,99368,49451
1,78025,104850,26825
0,66440,88867,22427
1,72771,104471,31700
1,43702,78644,34942
0,66140,93727,27587
1,26297,40629,14332
1,70452,116996,46544
0,18720,64215,45495
0,128903,156638,27735
1,33250,46542,13292
0,23011,25099,2088
0,135889,176522,40633
1,70000,104332,34332
0,95105,137179,42074
0,190423,197601,7178
1,54695,85472,30777
0,78011,84018,6007
0,61088,97892,36804
1,51557,101503,49946
0,80210,110904,30694
0,15501,35695,20194
1,37286,69230,31944
0,13259,58016,44757
0,131327,170626,39299
1,153000,162909,9909
1,156701,177160,20459
0,71380,85077,13697
1,188000,237901,49901
0,95988,121430,25442
1,122267,136362,14095
1,99049,114878,15829
0,10280,27087,16807
1,156421,179570,23149
0,90258,127894,37636
1,154400,188053,33653
1,47000,68780,21780
0,48791,63027,14236
1,80000,112684,32684
1,48953,88085,39132
0,46792,93297,46505
1,88000,114302,26302
0,26900,42337,15437
1,114000,131008,17008
1,32087,73125,41038
0,51993,88060,36067
0,103210,104411,1201
1,62240,102617,40377
0,56984,97508,40524
1,65000,99381,34381
1,16471,27776,11305
0,56009,77337,21328
0,75302,85408,10106
0,131957,159609,27652
0,104004,143231,39227
1,93844,128459,34615
0,178000,191640,13640
1,116342,131229,14887
0,72000,78967,6967
0,79301,120218,40917
0,22408,27976,5568
0,86765,135219,48454
0,101151,141739,40588
1,21443,24747,3304
0,69996,79171,9175
0,30196,36522,6326
1,72988,95344,22356
0,118784,139872,21088
0,117115,134759,17644
0,56817,82064,25247
1,33640,39695,6055
0,56205,102437,46232
0,61451,103861,42410
1,150806,159408,8602
1,73195,84049,10854
1,28000,64285,36285
1,74627,118374,43747
1,130000,149453,19453
1,148312,194604,46292
0,76954,88858,11904
1,53387,81331,27944
0,172726,218969,46243
0,185809,225917,40108
1,16403,54840,38437
1,16711,48907,32196
0,89250,133094,43844
0,162209,199965,37756
1,98605,116946,18341
0,36148,38287,2139
0,110063,158581,48518
1,18000,18509,509
0,19073,21202,2129
1,132027,148097,16070
0,23767,43548,19781
1,82877,130959,48082
1,12000,19929,7929
0,81000,124268,43268
0,114972,155600,40628
1,76442,108350,31908
1,62284,106490,44206
0,45000,75977,30977
0,67765,76740,8975
0,35896,51652,15756
0,172409,203081,30672
0,160003,207020,47017
1,39650,58998,19348
0,84549,124464,39915
0,83172,109305,26133
1,141000,168499,27499
1,50963,86500,35537
0,10726,20252,9526
0,139296,142353,3057
0,19800,47922,28122
0,48791,63380,14589
1,180357,205629,25272
1,109585,156331,46746
1,196000,237203,41203
1,91761,120867,29106
0,37386,37999,613
1,93192,107741,14549
1,41000,60251,19251
0,189106,237362,48256
0,107387,126812,19425
0,69645,116915,47270
0,85410,119290,33880
1,189077,218596,29519
1,50773,97746,46973
1,137000,146318,9318
0,36461,67721,31260
0,31921,80604,48683
1,64025,86815,22790
0,173505,189558,16053
1,154692,202336,47644
1,53091,80495,27404
1,15335,38082,22747
1,114011,163723,49712
0,105749,154299,48550
1,114238,153580,39342
1,81624,97356,15732
0,67543,75265,7722
0,22130,30877,8747
1,85924,113685,27761
0,26982,38799,11817
0,128040,158511,30471
1,37042,60011,22969
0,104921,115996,11075
1,56735,98438,41703
0,172743,187427,14684
1,132965,136986,4021
0,101652,106961,5309
0,160495,162547,2052
1,156771,196022,39251
1,25758,54476,28718
0,49749,52545,2796
1,123994,165383,41389
0,13680,41459,27779
0,49490,69561,20071
0,81823,106772,24949
0,74298,92903,18605
1,130241,164459,34218
1,77000,115152,38152
0,108221,143719,35498
1,73242,112791,39549
0,93050,101591,8541
0,69988,95170,25182
1,123726,151318,27592
0,173609,222898,49289
1,140572,181173,40601
1,85751,111414,25663
1,70000,102257,32257
1,44031,91311,47280
0,81545,96146,14601
1,53001,76371,23370
1,64000,112855,48855
1,40000,53866,13866
1,54644,70962,16318
1,59361,69402,10041
1,41370,73589,32219
0,41360,71042,29682
1,102554,145932,43378
1,67103,80968,13865
0,113473,137105,23632
1,31298,38324,7026
0,149460,188535,39075
1,58705,79300,20595
0,110084,156200,46116
0,19679,26902,7223
1,89047,111222,22175
0,65708,81040,15332
1,49196,75096,25900
1,41941,67067,25126
0,86741,92966,6225
0,107630,147513,39883
1,42020,90192,48172
1,33500,67020,33520
1,40423,45502,5079
1,45990,87159,41169
1,103287,138302,35015
1,83828,94587,10759
1,141681,178706,37025
0,39716,47002,7286
1,41631,57321,15690
1,54832,95435,40603
0,67113,76283,9170
1,32584,72033,39449
1,53521,94100,40579
1,60197,81121,20924
0,46328,85725,39397
0,59069,98467,39398
0,126757,136639,9882
1,109954,137468,27514
1,39699,82653,42954
0,31955,43692,11737
1,142288,166300,24012
1,150111,169314,19203
0,14039,46608,32569
1,63413,76938,13525
1,42000,88506,46506
0,109205,126441,17236
0,51817,66436,14619
1,38266,73541,35275
1,138931,185352,46421
0,172838,184924,12086
0,180000,195350,15350
0,65586,87547,21961
1,58604,81061,22457
1,58245,105468,47223
0,56942,84746,27804
1,52343,89854,37511
0,32739,35160,2421
0,97145,112508,15363
0,93118,136589,43471
1,72014,82277,10263
1,83596,89233,5637
1,35043,51929,16886
0,82372,107331,24959
0,94240,135294,41054
1,46597,61392,14795
1,33650,81671,48021
0,38456,48327,9871
0,54087,64182,10095
1,160000,166358,6358
0,55254,55464,210
0,47342,64847,17505
1,44013,86174,42161
1,42357,60746,18389
1,57502,77925,20423
0,10849,22980,12131
1,68193,100784,32591
0,63243,75222,11979
0,77031,124947,47916
0,18526,47446,28920
1,100000,144263,44263
0,61604,98465,36861
1,87366,123743,36377
1,45400,56529,11129
0,115397,148733,33336
0,107482,113136,5654
0,49515,74072,24557
0,102000,129436,27436
0,73863,117105,43242
1,65005,108090,43085
0,24323,44371,20048
1,23554,28340,4786
1,35574,56009,20435
1,34143,66521,32378
0,43500,81390,37890
0,64000,108140,44140
0,80657,92851,12194
0,49404,58156,8752
1,81416,108489,27073
1,152120,173160,21040
0,86571,107699,21128
0,32685,60680,27995
0,42347,77485,35138
1,32429,76407,43978
1,24856,60917,36061
1,72690,109673,36983
0,76201,123872,47671
1,73326,105797,32471
1,17105,27028,9923
1,134501,180466,45965
1,42609,72561,29952
1,39000,53083,14083
1,111932,152065,40133
1,68000,84998,16998
1,83007,121982,38975
0,66981,81063,14082
1,182548,186928,4380
0,86025,97378,11353
1,17184,51416,34232
1,158680,199037,40357
0,26870,67244,40374
0,71592,92506,20914
0,71932,106981,35049
0,29622,41093,11471
1,33759,77379,43620
0,46223,52681,6458
1,159474,169980,10506
0,100117,132366,32249
0,79115,125276,46161
1,153000,158195,5195
0,41772,78118,36346
0,92685,140095,47410
1,185244,229637,44393
1,116222,144842,28620
1,19266,34012,14746
0,35606,43569,7963
1,52098,69853,17755
0,38000,60149,22149
0,80500,84470,3970
0,49803,97767,47964
1,77266,120154,42888
1,115720,127955,12235
1,106710,139699,32989
0,80356,127679,47323
1,63541,97230,33689
1,24617,48948,24331
0,24862,33618,8756
1,63316,108135,44819
1,94944,133128,38184
0,140015,167096,27081
1,72000,116450,44450
0,116774,120091,3317
1,180923,206621,25698
1,31500,39180,7680
0,43334,46644,3310
0,50857,53542,2685
0,188400,228880,40480
1,89739,105857,16118
0,95566,100160,4594
1,24991,31733,6742
0,63295,74370,11075
0,37487,71617,34130
0,75904,99705,23801
0,18222,50958,32736
0,44391,77553,33162
1,11271,33299,22028
1,135560,166557,30997
0,56678,84877,28199
1,71753,89828,18075
0,122920,130470,7550
1,113204,145897,32693
0,60000,105970,45970
0,19254,66917,47663
1,138045,149292,11247
1,28154,57950,29796
0,76110,89571,13461
1,13195,21710,8515
0,155106,188903,33797
1,13776,33980,20204
0,129311,156988,27677
0,50055,71225,21170
0,13273,14553,1280
0,122328,152179,29851
1,24333,50239,25906
0,79232,102694,23462
1,93430,110048,16618
0,66569,101678,35109
1,149808,199238,49430
1,57640,66533,8893
1,126741,154575,27834
0,13690,57846,44156
1,110206,110915,709
1,156000,156788,788
0,68222,81260,13038
0,61637,96918,35281
1,52045,98459,46414
0,46666,53766,7100
1,30000,36512,6512
1,74117,112254,38137
1,17000,42043,25043
0,194471,211155,16684
0,86883,97550,10667
1,25001,37078,12077
1,149000,157975,8975
1,69000,71447,2447
0,58488,96405,37917
0,69879,112911,43032
0,113290,125765,12475
1,18199,22001,3802
1,66135,68133,1998
0,67100,68406,1306
1,113879,151254,37375
0,46176,73780,27604
0,45094,45343,249
0,85887,116118,30231
0,128505,129551,1046
1,142000,185721,43721
1,156000,179819,23819
0,48248,83464,35216
1,32300,37190,4890
0,71993,78864,6871
1,147558,181944,34386
0,56724,71662,14938
1,31846,35469,3623
1,24712,65730,41018
0,183155,202134,18979
0,23659,73164,49505
1,45529,70478,24949
0,40686,54328,13642
1,138672,161424,22752
1,50579,68764,18185
1,40000,79035,39035
0,12598,26400,13802
1,140000,184101,44101
1,87055,134001,46946
0,48178,74480,26302
1,91097,136411,45314
0,112901,160922,48021
1,32789,64674,31885
0,45629,82601,36972
1,26375,71416,45041
0,35841,76602,40761
0,44700,78880,34180
0,75955,91503,15548
0,72820,91691,18871
1,190588,192558,1970
1,100137,136065,35928
1,130000,155673,25673
0,25203,30441,5238
1,54992,60717,5725
1,20000,48786,28786
0,57443,104196,46753
1,80323,104405,24082
1,100022,136189,36167
1,167313,204727,37414
0,102583,144049,41466
1,30055,60856,30801
1,96538,135694,39156
0,176955,177360,405
0,49321,81681,32360
1,10987,33356,22369
1,133106,179057,45951
0,24464,42655,18191
0,91847,94043,2196
1,105666,129414,23748
0,83939,84892,953
0,64949,67717,2768
1,22834,39964,17130
0,110813,119132,8319
1,38211,39056,845
0,35399,83514,48115
0,42696,88937,46241
1,81065,125583,44518
1,93981,122305,28324
0,80200,113315,33115
1,14176,18063,3887
0,39632,78996,39364
1,54462,82090,27628
0,13452,37557,24105
0,45100,48691,3591
1,70970,89912,18942
0,179775,226473,46698
1,80089,109937,29848
0,56970,68433,11463
0,26719,37098,10379
0,135719,166748,31029
0,19955,37369,17414
0,22049,40233,18184
0,22853,36375,13522
0,74081,86107,12026
0,65514,103459,37945
1,83236,130431,47195
0,34066,75742,41676
0,52894,97070,44176
1,195299,225138,29839
0,24122,34162,10040
1,65000,104656,39656
0,95541,134235,38694
0,10468,50729,40261
1,66772,107490,40718
0,167739,203902,36163
1,116000,155843,39843
1,80661,80766,105
1,117800,122397,4597
1,70710,79143,8433
0,34609,81243,46634
0,123717,161575,37858
0,128731,160190,31459
1,49712,79632,29920
1,54000,61859,7859
0,73590,116120,42530
1,20000,51577,31577
1,76911,114144,37233
0,29627,31677,2050
0,156902,180916,24014
0,55171,61540,6369
0,69302,89181,19879
1,56750,96380,39630
1,138610,161788,23178
1,157364,197100,39736
0,27793,56681,28888
0,39409,42122,2713
1,39893,78135,38242
0,88027,107049,19022
0,128156,175503,47347
0,49000,60379,11379
1,12000,58478,46478
1,80501,114644,34143
0,16893,53062,36169
0,74125,106784,32659
1,82165,103330,21165
1,82000,82852,852
0,115208,134362,19154
1,32247,47325,15078
1,48000,87639,39639
0,71635,118855,47220
1,33360,59055,25695
1,50096,96778,46682
0,49309,54638,5329
1,33094,60633,27539
1,31238,72002,40764
0,117979,135331,17352
1,110036,110100,64
1,42883,65243,22360
0,55973,77819,21846
1,38695,71629,32934
1,28000,63786,35786
0,84000,96058,12058
0,59000,64651,5651
0,27550,29622,2072
1,23000,65476,42476
1,103354,126884,23530
0,178227,203652,25425
1,45275,72570,27295
0,24692,42762,18070
0,17342,41420,24078
1,146489,189381,42892
0,102028,102498,470
0,121300,139445,18145
0,75058,120403,45345
0,64400,84595,20195
0,127694,130848,3154
1,121217,134589,13372
1,93500,143204,49704
1,142673,177740,35067
0,111960,154366,42406
0,149912,164212,14300
0,92541,104581,12040
0,68642,71611,2969
0,103010,134234,31224
1,20000,55888,35888
0,15283,15486,203
1,39121,72019,32898
0,126103,128383,2280
1,168997,195149,26152
0,10400,13198,2798
1,82563,108575,26012
0,28209,41697,13488
0,79971,105399,25428
1,100639,105842,5203
0,39467,66610,27143
0,33382,42417,9035
1,16817,28850,12033
1,52731,80620,27889
1,12050,58498,46448
1,35063,84765,49702
0,63710,74624,10914
1,98500,137864,39364
0,83520,100542,17022
0,43319,44769,1450
0,77283,78968,1685
0,127623,164047,36424
1,51618,66571,14953
1,54912,55046,134
1,106040,136224,30184
0,105779,154770,48991
0,64270,75878,11608
1,136485,174392,37907
0,126894,158717,31823
1,130338,164658,34320
0,100493,103304,2811
1,90120,104692,14572
0,61927,110624,48697
1,100895,115784,14889
1,66346,94770,28424
1,26752,39397,12645
0,103246,114937,11691
1,75747,97386,21639
1,100100,128129,28029
0,64235,94296,30061
1,150757,188696,37939
0,17311,38696,21385
1,15600,55642,40042
1,95570,137121,41551
1,83687,125034,41347
0,58549,87650,29101
0,99000,137021,38021
0,188132,210141,22009
1,38499,66269,27770
0,51625,62832,11207
0,18755,53690,34935
0,40079,86874,46795
0,88953,100642,11689
0,11899,42407,30508
1,69000,76866,7866
0,130819,167379,36560
0,21861,31046,9185
1,112378,158992,46614
0,125753,143805,18052
1,58310,72041,13731
1,153439,169216,15777
1,56357,78800,22443
0,56155,95491,39336
1,52000,89790,37790
0,25823,53775,27952
0,28655,31172,2517
0,132118,136638,4520
0,79424,103629,24205
1,176407,214365,37958
0,17833,42680,24847
0,26972,29751,2779
0,89876,109461,19585
1,51000,93783,42783
0,33403,43535,10132
1,36000,73278,37278
0,108332,110568,2236
0,118133,145071,26938
0,15223,36638,21415
0,51126,80445,29319
1,48348,70125,21777
0,172306,185816,13510
1,37408,53484,16076
0,124427,136784,12357
0,141494,164166,22672
1,100096,101412,1316
0,120560,147405,26845
0,22648,59883,37235
1,87960,129923,41963
1,56000,102967,46967
0,87798,117130,29332
0,30245,73238,42993
0,60016,98485,38469
0,69980,76994,7014
0,73436,85618,12182
1,60000,101924,41924
1,78068,81297,3229
0,13799,56288,42489
1,195511,232748,37237
0,103954,123149,19195
0,89045,110959,21914
1,38865,84662,45797
1,96484,143678,47194
1,106208,146728,40520
1,74657,78005,3348
1,90752,131187,40435
1,134657,145092,10435
1,90600,98957,8357
1,150000,178518,28518
0,126651,153778,27127
1,111000,140662,29662
0,17098,33513,16415
1,77364,94055,16691
1,72230,80255,8025
0,43805,89455,45650
1,30784,67708,36924
1,83481,126791,43310
1,78061,110114,32053
0,121860,167616,45756
0,135910,172510,36600
0,102143,120042,17899
1,107314,113529,6215
0,61458,79370,17912
0,50444,61184,10740
0,70148,71205,1057
1,75334,116846,41512
1,192723,225670,32947
1,56292,88157,31865
1,134000,175268,41268
0,52576,93565,40989
0,86865,135432,48567
1,18267,32149,13882
0,23960,31281,7321
1,61781,89578,27797
1,38604,85277,46673
1,50926,83168,32242
0,66559,83698,17139
1,71753,110163,38410
1,22000,50081,28081
0,85104,92378,7274
0,60259,84596,24337
1,48000,73246,25246
1,43868,43977,109
1,15575,33396,17821
0,65964,99536,33572
0,56560,76923,20363
1,131712,175494,43782
0,187572,204973,17401
0,64945,79348,14403
1,126000,158933,32933
0,70000,75998,5998
1,28000,63416,35416
0,187378,197134,9756
0,17099,58155,41056
1,84533,100186,15653
1,146368,195462,49094
0,74954,90678,15724
1,90000,114334,24334
0,35000,69272,34272
1,45951,52605,6654
0,179549,192017,12468
1,80022,80860,838
1,114000,159201,45201
1,98087,126349,28262
0,92117,140939,48822
0,83607,97755,14148
0,58743,82834,24091
1,120000,139513,19513
0,138641,181907,43266
1,85379,102166,16787
1,116821,130554,13733
0,164371,175105,10734
0,30888,43882,12994
0,102295,121675,19380
1,62235,88380,26145
0,71848,112979,41131
1,42731,60958,18227
0,53922,80655,26733
1,16000,29531,13531
0,66028,82699,16671
0,54569,84704,30135
1,50600,64435,13835
0,52652,86349,33697
0,48973,54623,5650
1,114457,145112,30655
1,34118,83064,48946
1,100000,135562,35562
1,50478,82788,32310
0,52496,88294,35798
0,44288,87801,43513
0,79584,118344,38760
0,39600,52061,12461
1,15500,25946,10446
0,45252,71210,25958
1,80372,103581,23209
1,152424,172130,19706
1,91746,94290,2544
1,23473,63236,39763
1,56775,98505,41730
0,154277,204259,49982
1,153900,196091,42191
0,87920,124399,36479
1,80559,93597,13038
0,71099,106827,35728
0,46696,59797,13101
1,44000,45076,1076
0,139487,143507,4020
1,52744,102250,49506
0,31954,41390,9436
0,117425,137180,19755
1,97001,102826,5825
1,161433,210959,49526
0,71623,72143,520
0,90766,134851,44085
1,31733,54289,22556
1,30970,54485,23515
0,28937,76628,47691
1,43796,47747,3951
1,94051,103912,9861
0,169890,212294,42404
1,93108,113522,20414
0,17322,51445,34123
1,140000,140245,245
1,82182,99305,17123
0,88256,90594,2338
1,72785,94653,21868
1,105487,142881,37394
1,95000,95607,607
1,110307,127273,16966
0,20742,21992,1250
0,93132,106466,13334
1,33896,48753,14857
1,19462,66764,47302
1,153935,181962,28027
0,50200,51568,1368
1,55279,82731,27452
1,41446,55747,14301
1,94000,126521,32521
0,98354,109177,10823
0,16601,17160,559
1,63168,68504,5336
0,19666,39764,20098
1,72000,101652,29652
1,19976,61185,41209
0,102579,150656,48077
0,69105,72476,3371
1,60290,104158,43868
0,126576,173577,47001
1,39187,60181,20994
0,161345,171831,10486
0,69925,79655,9730
0,196930,217448,20518
0,144428,148404,3976
0,70558,71079,521
1,102647,143457,40810
1,146474,178151,31677
1,121043,131570,10527
1,26500,71831,45331
0,23208,36307,13099
0,81258,92174,10916
1,22604,69509,46905
1,22676,25845,3169
1,80834,113103,32269
1,112000,158193,46193
1,34631,49478,14847
0,103471,117251,13780
0,179820,180508,688
0,17779,53819,36040
1,26093,49557,23464
0,149251,161475,12224
0,72787,87205,14418
0,19863,63824,43961
0,166410,175938,9528
0,115193,142446,27253
0,135048,169679,34631
0,45994,50995,5001
1,105462,134088,28626
0,113741,125004,11263
0,51638,83681,32043
1,108091,134314,26223
0,39287,78789,39502
0,44145,68972,24827
0,76911,93281,16370
0,94270,95938,1668
0,100955,137431,36476
0,112685,136518,23833
1,32506,52673,20167
1,60000,69316,9316
0,55402,66271,10869
1,28782,63260,34478
1,54712,75083,20371
0,46000,47466,1466
1,38890,69960,31070
1,58483,91130,32647
1,118393,166462,48069
0,61647,109335,47688
0,62689,89496,26807
0,70984,98065,27081
0,72504,99093,26589
0,50006,60699,10693
0,172792,201930,29138
1,115000,123360,8360
0,81377,96879,15502
1,25144,45392,20248
0,35409,40425,5016
0,151111,167524,16413
0,48838,62047,13209
1,45000,45585,585
1,26616,70690,44074
0,63524,77835,14311
1,34114,56774,22660
1,71789,87134,15345
1,23149,57409,34260
1,30272,35887,5615
0,72306,112358,40052
0,59010,87722,28712
1,77224,112470,35246
1,40816,46349,5533
1,87479,87751,272
0,65015,100042,35027
0,30473,38562,8089
1,33535,60978,27443
1,10645,44383,33738
1,128640,144446,15806
1,53600,100278,46678
0,47150,49676,2526
1,54000,60288,6288
0,87977,135367,47390
1,43987,74220,30233
1,42111,53300,11189
1,15590,60967,45377
1,54000,89729,35729
1,71000,120445,49445
1,23448,66793,43345
0,26135,41166,15031
1,69366,75287,5921
0,103506,132148,28642
1,45480,69969,24489
0,20830,37657,16827
0,15206,55026,39820
0,61559,104144,42585
1,65000,84608,19608
0,67579,80962,13383
0,20893,36446,15553
0,27520,30939,3419
0,113966,162738,48772
1,70288,108824,38536
1,60229,81183,20954
0,115252,154022,38770
0,27737,60404,32667
0,150868,180622,29754
1,11999,18983,6984
1,65051,90252,25201
1,35802,80667,44865
0,94154,122761,28607
1,10857,39928,29071
0,17335,63645,46310
0,148818,196899,48081
0,37777,51871,14094
1,32649,38363,5714
0,130906,151770,20864
0,149216,163605,14389
0,22780,49359,26579
1,171977,206326,34349
1,66000,95367,29367
0,83769,108439,24670
1,19039,62832,43793
0,84263,102044,17781
1,76960,126068,49108
0,42426,74024,31598
0,56142,92044,35902
1,92000,138686,46686
1,99657,121563,21906
1,32113,72665,40552
1,190000,233728,43728
0,54728,70652,15924
1,91300,106223,14923
1,118345,147496,29151
1,32200,36042,3842
0,90136,108040,17904
1,51286,86980,35694
0,131501,147899,16398
0,76782,115748,38966
0,43317,87476,44159
0,39613,55314,15701
0,183881,222738,38857
0,42219,52305,10086
0,88133,94894,6761
0,70100,119041,48941
1,64173,113854,49681
1,13321,31588,18267
0,71351,113894,42543
1,60003,106962,46959
0,117244,144828,27584
0,14824,24543,9719
1,44500,90319,45819
0,50032,84689,34657
0,10017,29847,19830
0,68239,87293,19054
1,69288,81915,12627
1,54845,59989,5144
0,12979,22570,9591
1,20272,46405,26133
1,45389,68657,23268
1,42769,80849,38080
0,138360,185437,47077
1,60000,91959,31959
0,88836,133078,44242
0,60611,99800,39189
1,146290,173269,26979
0,103678,127820,24142
0,59810,101641,41831
0,35053,43134,8081
0,123463,165069,41606
0,82059,97617,15558
0,111000,132340,21340
0,119793,129562,9769
0,74281,85279,10998
0,67319,83385,16066
1,12923,38636,25713
0,93419,132613,39194
1,94504,133622,39118
1,37000,59317,22317
1,15000,42162,27162
1,58668,97663,38995
0,131320,153703,22383
0,83470,115795,32325
0,194481,202632,8151
0,31096,59716,28620
1,10946,23834,12888
0,97902,129829,31927
0,38442,38776,334
1,79531,99323,19792
1,19963,24204,4241
0,112602,150006,37404
0,105127,110142,5015
0,103016,151404,48388
0,38912,72103,33191
0,58754,87943,29189
1,109176,142140,32964
1,167266,178226,10960
0,72479,72603,124
0,19565,63658,44093
1,25092,51454,26362
0,37940,59774,21834
0,73816,110568,36752
1,51604,80727,29123
0,178845,202394,23549
1,100860,139476,38616
1,72000,117738,45738
0,138310,163181,24871
1,172175,177957,5782
1,95000,108423,13423
0,72678,76807,4129
0,96337,116003,19666
0,76770,110418,33648
1,110000,116598,6598
0,43318,59323,16005
0,59405,103224,43819
1,75343,119565,44222
1,161445,179130,17685
1,16720,21190,4470
0,41633,66170,24537
0,56449,58697,2248
0,56355,99399,43044
1,24189,54574,30385
1,60178,75777,15599
0,36621,49449,12828
1,88690,136308,47618
0,53111,72293,19182
1,42779,54732,11953
1,83000,109687,26687
1,73577,106116,32539
0,65239,89409,24170
0,102187,113007,10820
1,55547,59810,4263
1,37320,42245,4925
0,97774,115017,17243
1,25000,61366,36366
1,83234,86972,3738
0,71692,95415,23723
1,71970,120566,48596
0,118518,166395,47877
0,20600,66619,46019
0,24773,42133,17360
0,20894,35820,14926
0,45576,49403,3827
0,164200,194735,30535
0,44147,54834,10687
0,121904,167721,45817
0,22891,62785,39894
1,20953,30043,9090
0,25199,51061,25862
1,161741,173815,12074
0,23782,70773,46991
0,178671,188114,9443
1,102180,105382,3202
0,67043,77189,10146
0,30914,75483,44569
1,167452,199690,32238
1,55000,103114,48114
1,34226,71064,36838
1,13510,41837,28327
1,18443,36171,17728
0,101474,124899,23425
1,12156,17185,5029
0,39549,87348,47799
1,52679,64001,11322
0,107211,147106,39895
0,45732,67894,22162
0,82067,95623,13556
1,83019,119959,36940
0,153078,159939,6861
0,94667,136470,41803
0,33802,74050,40248
0,67352,82268,14916
0,106623,152412,45789
1,100414,130523,30109
1,97500,126256,28756
0,39403,65960,26557
1,70000,72593,2593
0,36625,49459,12834
1,167000,170978,3978
1,86332,90371,4039
0,170953,197434,26481
0,101501,128553,27052
0,131427,150556,19129
1,45898,58964,13066
0,56956,76640,19684
1,154753,180050,25297
0,81720,106746,25026
0,121816,125742,3926
0,125737,162140,36403
0,99206,123180,23974
1,11288,32841,21553
0,54202,69418,15216
0,124127,142732,18605
1,190310,219125,28815
1,53960,84474,30514
0,92277,118265,25988
0,158534,188086,29552
1,60000,71245,11245
0,60350,68378,8028
1,72347,78269,5922
0,74523,84047,9524
1,11964,29037,17073
0,122306,135546,13240
1,124350,140653,16303
0,182657,194979,12322
1,55054,85402,30348
1,26691,71357,44666
1,69233,113471,44238
1,26000,70613,44613
0,72401,103148,30747
1,53679,72107,18428
0,10056,17053,6997
1,75000,79387,4387
0,113529,144526,30997
0,42270,49434,7164
1,117185,147761,30576
1,150675,171570,20895
0,101262,130765,29503
0,73334,78973,5639
0,59857,69852,9995
1,31767,71943,40176
0,143547,164843,21296
1,28889,70621,41732
0,186840,201835,14995
0,39534,53625,14091
1,115731,116853,1122
0,33056,53611,20555
0,20423,48104,27681
1,59183,94194,35011
0,61102,101714,40612
1,118217,134771,16554
0,99067,144409,45342
1,13000,40931,27931
1,116000,149887,33887
1,143353,168410,25057
1,13460,45472,32012
0,179521,194859,15338
1,62900,76511,13611
0,102595,146726,44131
0,152456,196291,43835
1,42548,89811,47263
0,172263,203087,30824
1,89625,138136,48511
1,101446,143245,41799
1,33188,64647,31459
1,92513,115416,22903
1,25000,26730,1730
1,45000,52762,7762
0,163695,170884,7189
0,80911,121295,40384
0,28488,38198,9710
0,21446,24268,2822
1,83582,130253,46671
0,55530,65667,10137
0,104786,134876,30090
0,108195,139397,31202
1,127871,159332,31461
1,99108,139601,40493
0,128410,130734,2324
1,29609,45914,16305
1,141470,162490,21020
0,38620,65374,26754
1,20760,62833,42073
1,22954,63405,40451
0,114894,124186,9292
1,33499,79410,45911
1,100167,121052,20885
0,42745,44349,1604
0,122864,132374,9510
0,29979,33115,3136
0,72349,84880,12531
1,111773,157841,46068
0,39716,57015,17299
1,16649,45159,28510
0,66582,83153,16571
0,180951,224070,43119
0,137200,171885,34685
0,27422,35295,7873
1,12431,26241,13810
1,47600,77763,30163
1,39564,41614,2050
1,37126,49778,12652
0,82870,126878,44008
1,43768,61230,17462
0,65995,87322,21327
0,108655,152796,44141
0,98914,113417,14503
0,49711,60545,10834
0,70046,114295,44249
1,124595,154302,29707
0,30312,57676,27364
1,174989,224333,49344
1,119300,163283,43983
0,80443,99332,18889
0,58145,83991,25846
1,13200,17453,4253
1,49893,86546,36653
0,104129,127356,23227
0,112623,116532,3909
1,50122,92528,42406
0,67313,101581,34268
0,117037,134109,17072
1,86166,132514,46348
1,167060,208836,41776
0,55328,81421,26093
0,102910,146980,44070
0,21962,67685,45723
1,185000,192785,7785
1,130826,142626,11800
1,39615,57552,17937
1,130188,167029,36841
1,61364,82090,20726
0,131835,142248,10413
0,50691,98756,48065
1,53218,79891,26673
0,140198,173694,33496
0,19213,57172,37959
1,41492,73548,32056
0,13682,14142,460
0,108275,126338,18063
0,153959,164774,10815
0,14047,34910,20863
1,139815,184053,44238
1,54452,57477,3025
0,65613,105119,39506
1,70690,96528,25838
1,27000,56553,29553
0,21285,49251,27966
0,50234,60253,10019
0,16800,21722,4922
0,87108,104843,17735
1,21000,50105,29105
1,49000,76785,27785
0,94106,139778,45672
1,74088,110706,36618
0,84457,128501,44044
0,103336,103972,636
0,58057,85451,27394
1,34239,60913,26674
1,98000,121035,23035
1,15450,45286,29836
0,12050,17352,5302
0,49223,62626,13403
0,83158,112525,29367
0,72141,119156,47015
0,138473,188242,49769
0,76042,98303,22261
0,40960,90292,49332
1,65636,115475,49839
0,60375,76444,16069
1,23117,49309,26192
0,79800,92799,12999
1,97960,108634,10674
1,43530,62461,18931
0,63552,105782,42230
0,40367,78869,38502
0,42447,85500,43053
1,175942,220831,44889
0,70098,109738,39640
1,60000,71344,11344
1,95168,140765,45597
0,26292,62085,35793
0,42903,46057,3154
0,71831,119890,48059
0,163812,172831,9019
1,24446,30566,6120
0,33525,59343,25818
1,82000,101574,19574
0,138661,159674,21013
0,172749,192859,20110
1,109469,142871,33402
1,80200,107685,27485
0,180402,189505,9103
0,169637,218049,48412
1,68000,104729,36729
1,57589,90049,32460
0,55869,90635,34766
0,68727,113722,44995
0,118180,149385,31205
0,110940,128292,17352
0,43088,57130,14042
0,55949,80730,24781
1,19730,63262,43532
0,31976,47730,15754
1,118180,124713,6533
0,21767,41571,19804
1,42736,68718,25982
0,76890,100542,23652
0,68092,105221,37129
1,40118,80987,40869
0,40117,89072,48955
1,10097,40429,30332
0,122887,164939,42052
1,20167,54424,34257
0,111242,114436,3194
1,16978,35454,18476
1,190000,228358,38358
1,24080,65734,41654
0,40307,76905,36598
0,125026,160916,35890
0,108916,157686,48770
1,73869,74219,350
1,35354,70723,35369
1,160000,167434,7434
0,155201,158704,3503
0,130257,170423,40166
1,50000,77707,27707
0,85750,104565,18815
1,88900,105657,16757
0,10111,13214,3103
0,85892,129645,43753
1,35712,40852,5140
1,35000,59208,24208
1,95000,126223,31223
1,32000,36159,4159
0,124994,150204,25210
1,20000,66372,46372
0,112273,121426,9153
0,59220,91739,32519
1,100000,113227,13227
1,20261,20943,682
0,137584,182513,44929
0,172095,220072,47977
1,141012,177658,36646
1,28000,41825,13825
1,128516,174372,45856
0,78442,119817,41375
1,39290,66610,27320
0,44190,69915,25725
1,17932,35644,17712
1,75435,96303,20868
0,172613,184724,12111
0,92178,121770,29592
1,35500,73057,37557
0,61586,63220,1634
1,63215,77306,14091
1,117066,129371,12305
1,86000,109150,23150
0,72209,111696,39487
0,42700,68529,25829
0,32821,36153,3332
1,123501,150665,27164
1,90607,124152,33545
1,76436,114876,38440
1,90870,118739,27869
0,98990,100628,1638
0,18500,34058,15558
0,93755,138380,44625
1,18000,36786,18786
1,36758,78537,41779
0,116606,119303,2697
0,51307,52142,835
0,90538,105085,14547
1,183500,226910,43410
1,21774,22273,499
0,69645,115298,45653
1,60115,97581,37466
0,67085,97430,30345
0,81186,106982,25796
0,48821,85295,36474
0,46280,89484,43204
0,104781,135591,30810
0,64050,83507,19457
0,31160,78791,47631
0,114489,141448,26959
0,58668,102988,44320
0,68337,117133,48796
1,53221,56695,3474
1,90000,95884,5884
1,85000,100143,15143
0,108002,132327,24325
1,95000,102269,7269
0,144800,153635,8835
0,12788,37542,24754
1,20000,41732,21732
0,73366,91304,17938
0,77452,103457,26005
0,84887,114558,29671
0,75814,83936,8122
0,42977,44624,1647
1,46600,85653,39053
1,57710,107292,49582
1,104120,125894,21774
0,36336,85036,48700
1,86000,131300,45300
1,40193,43129,2936
1,96835,110205,13370
0,89791,118526,28735
0,77806,117248,39442
1,70134,91071,20937
0,40347,44723,4376
0,128110,139683,11573
0,109287,112736,3449
0,21149,59846,38697
0,49532,58243,8711
0,90223,109798,19575
0,160710,169430,8720
1,50096,83071,32975
0,160787,199561,38774
0,96329,102834,6505
1,86500,126496,39996
0,28377,55006,26629
1,130000,173631,43631
1,36487,54782,18295
0,83317,123421,40104
1,60000,104536,44536
0,140000,171769,31769
0,52137,55374,3237
1,125000,156988,31988
0,84039,86059,2020
1,21890,57210,35320
0,80107,89152,9045
0,123312,129395,6083
0,18205,44554,26349
0,54371,77499,23128
0,78569,90357,11788
1,44322,47510,3188
1,50000,71077,21077
0,19730,54690,34960
1,111299,152738,41439
1,183412,197021,13609
0,153629,153743,114
1,13000,32994,19994
1,130071,136774,6703
1,67800,69273,1473
0,126500,134346,7846
1,140909,146865,5956
1,50000,67922,17922
0,22610,26337,3727
0,86499,127138,40639
1,42283,48374,6091
1,64174,102099,37925
0,126000,137724,11724
0,37640,63913,26273
1,13268,27690,14422
1,107000,131414,24414
1,32957,49874,16917
0,16049,41085,25036
1,160000,189965,29965
0,40678,83756,43078
0,45442,53922,8480
0,74157,77537,3380
0,81758,106797,25039
0,30480,41212,10732
1,13000,30721,17721
1,50000,70290,20290
1,49231,64947,15716
1,160000,195223,35223
1,31932,69729,37797
1,21821,27134,5313
0,119937,157604,37667
1,24520,25938,1418
0,80257,82941,2684
0,42262,91097,48835
1,43408,67357,23949
1,111330,157538,46208
0,40892,59367,18475
0,80675,102006,21331
0,43907,89885,45978
0,29459,74762,45303
0,181137,192821,11684
1,20471,69912,49441
0,85831,124077,38246
0,182392,215953,33561
1,151263,197157,45894
0,70187,120073,49886
0,129455,142728,13273
0,116195,155987,39792
0,117449,129193,11744
1,138351,140660,2309
1,19500,27985,8485
0,21000,30637,9637
1,101097,114594,13497
0,50090,71217,21127
1,31786,50023,18237
0,52894,87190,34296
1,107173,156457,49284
1,131611,141312,9701
1,88192,115104,26912
0,44846,69800,24954
1,13202,61639,48437
0,33568,72511,38943
0,158552,159599,1047
1,70038,84104,14066
1,47000,75547,28547
1,91147,140495,49348
0,12806,16056,3250
0,125668,169043,43375
0,76473,82281,5808
0,188797,196147,7350
1,68000,117565,49565
1,150000,153770,3770
1,37139,83172,46033
0,117445,145870,28425
0,26529,45639,19110
1,20472,70198,49726
0,140941,181239,40298
1,30425,60020,29595
0,34158,61261,27103
0,178000,209522,31522
0,126052,137001,10949
0,90700,135711,45011
1,171419,187357,15938
1,49769,88808,39039
1,60000,94112,34112
0,53026,61286,8260
0,17173,22384,5211
0,53381,60444,7063
1,27500,52861,25361
0,59535,92557,33022
0,51864,86947,35083
1,65500,103645,38145
0,52981,83085,30104
0,19762,56381,36619
1,69510,106110,36600
1,44300,70907,26607
0,76772,107841,31069
1,161945,169625,7680
0,37598,52682,15084
0,33699,36082,2383
1,47900,68294,20394
1,18869,25740,6871
1,119000,157732,38732
1,40000,68593,28593
0,16655,17545,890
1,28267,52071,23804
1,148850,176796,27946
1,120000,131104,11104
1,70670,92722,22052
1,33088,40901,7813
0,52312,63947,11635
1,21000,37740,16740
1,167752,172700,4948
1,18031,44792,26761
1,43794,57244,13450
0,62698,92525,29827
0,32589,53257,20668
0,80774,87562,6788
0,44398,66602,22204
1,36256,76730,40474
1,74125,95067,20942
0,23202,34716,11514
1,97490,129454,31964
0,19092,61408,42316
1,62378,74843,12465
1,122455,167560,45105
0,42349,74285,31936
0,11734,17284,5550
1,130092,144470,14378
0,12758,58833,46075
0,163773,176405,12632
0,65763,113049,47286
0,147185,182808,35623
0,65115,95960,30845
1,80000,120168,40168
0,95954,111490,15536
1,84000,114710,30710
0,97973,106169,8196
0,50689,91083,40394
0,182689,187071,4382
1,44563,75615,31052
1,65551,97201,31650
1,45885,76673,30788
0,117858,126244,8386
1,122038,154830,32792
0,110724,111225,501
0,13971,44395,30424
0,58957,67867,8910
1,80858,91172,10314
1,53000,99640,46640
0,47807,51543,3736
1,66058,101583,35525
1,53694,78405,24711
0,92976,131864,38888
1,176996,215733,38737
0,82720,96624,13904
1,54202,91975,37773
0,20398,56796,36398
1,35390,45876,10486
0,160272,174233,13961
1,102670,109982,7312
0,127540,174277,46737
0,84687,102786,18099
0,23224,58886,35662
0,40651,70305,29654
1,22000,58881,36881
1,59428,103070,43642
0,130929,171244,40315
1,47000,66185,19185
0,36387,44513,8126
1,12000,42473,30473
1,141362,172071,30709
0,77317,92120,14803
1,46395,91253,44858
1,85212,126557,41345
0,60000,64526,4526
1,83151,90360,7209
0,77390,105846,28456
0,82200,128293,46093
0,62324,91512,29188
1,65879,88385,22506
0,140164,163362,23198
0,17654,63714,46060
0,173120,206313,33193
0,36921,66667,29746
1,35885,69114,33229
0,37788,51013,13225
1,28000,74765,46765
1,96814,114575,17761
0,55800,91410,35610
1,95500,111935,16435
1,41915,87680,45765
1,66090,103859,37769
1,130791,138638,7847
1,80000,102525,22525
1,133000,144076,11076
1,41000,43146,2146
1,25213,49280,24067
1,112720,151680,38960
1,35031,54443,19412
1,28766,49051,20285
0,92473,97293,4820
0,32003,52856,20853
0,75893,81977,6084
0,108168,112701,4533
1,70000,85493,15493
0,31271,66400,35129
1,46582,79652,33070
1,40098,48939,8841
0,28052,68784,40732
0,86813,100937,14124
0,94970,124117,29147
0,32762,69437,36675
1,30261,53302,23041
0,185848,197856,12008
0,71258,71861,603
0,158035,203414,45379
1,180564,226333,45769
0,38835,88264,49429
1,68726,93487,24761
0,93286,140221,46935
1,34521,58482,23961
1,19107,37670,18563
1,53720,84876,31156
0,39409,53267,13858
0,74324,76149,1825
1,84000,104470,20470
1,132104,140781,8677
1,88512,124131,35619
1,99949,135995,36046
0,87647,115890,28243
0,58125,68269,10144
1,76000,99320,23320
0,79911,128851,48940
1,89201,127256,38055
0,33794,77136,43342
0,85494,108959,23465
0,172116,198083,25967
0,94967,120585,25618
0,153877,167146,13269
1,56675,88967,32292
1,76650,106504,29854
1,15000,41146,26146
0,35425,84336,48911
0,33080,41514,8434
1,14279,31289,17010
1,47468,63522,16054
0,30739,36946,6207
1,23541,35051,11510
1,20051,45151,25100
0,164065,208194,44129
0,36298,42815,6517
1,111011,128490,17479
1,12395,50031,37636
0,113703,151379,37676
0,16000,32955,16955
0,66086,76248,10162
1,70336,114702,44366
1,58368,75474,17106
0,51630,65112,13482
1,20493,27766,7273
0,11099,43792,32693
0,49578,90904,41326
0,96932,126328,29396
1,91723,110695,18972
0,35352,53779,18427
0,93503,101879,8376
0,40657,76743,36086
1,31361,72451,41090
0,67557,72571,5014
1,32762,81952,49190
0,67766,97078,29312
0,79914,113536,33622
0,57260,87621,30361
1,171500,219896,48396
0,79470,102991,23521
0,80871,118259,37388
0,31150,44765,13615
0,50350,65651,15301
1,36310,70056,33746
1,107987,151292,43305
1,145868,156787,10919
1,113474,149352,35878
1,70360,84729,14369
0,122688,163590,40902
0,72830,77261,4431
0,47355,80482,33127
0,54000,92015,38015
1,15250,19073,3823
0,28783,58062,29279
1,49300,58850,9550
0,150810,166599,15789
0,50610,65064,14454
1,63009,99653,36644
0,77765,102112,24347
1,56386,72108,15722
1,70458,96782,26324
0,158410,182768,24358
0,43212,47627,4415
1,36567,70449,33882
0,103662,147284,43622
1,85625,99118,13493
1,76606,106387,29781
1,28419,45656,17237
1,19237,59171,39934
0,33927,70540,36613
0,52626,97761,45135
1,10506,57706,47200
0,69274,75912,6638
0,65669,80512,14843
0,52229,60072,7843
0,40158,73121,32963
0,72681,115089,42408
0,24736,38122,13386
1,23650,53354,29704
1,94490,123547,29057
1,76447,106540,30093
0,97980,145559,47579
1,84800,94689,9889
0,38580,87138,48558
1,27609,74107,46498
1,56264,85529,29265
1,88000,105237,17237
0,40000,72937,32937
1,63397,81537,18140
1,31961,32834,873
0,53376,58087,4711
1,35000,66388,31388
0,74822,91853,17031
1,30977,37997,7020
0,38378,63126,24748
0,56956,78542,21586
0,73085,84422,11337
0,65701,108681,42980
1,116042,123738,7696
1,48687,76619,27932
1,137001,160671,23670
0,59214,83033,23819
1,173100,213657,40557
0,156319,160454,4135
1,78000,117828,39828
0,14493,20083,5590
1,96662,145495,48833
1,13600,15342,1742
0,54799,63597,8798
0,54285,90628,36343
1,37397,81070,43673
0,77936,82515,4579
1,30684,76815,46131
1,70574,74002,3428
1,130000,168989,38989
0,80790,126710,45920
0,43246,60790,17544
1,89962,111623,21661
1,26844,42636,15792
0,135600,168296,32696
0,73500,89648,16148
0,52375,75989,23614
0,13890,52374,38484
0,173909,182903,8994
1,47110,51757,4647
0,97000,142079,45079
0,71917,96223,24306
0,197695,205678,7983
0,29655,66952,37297
1,29155,60942,31787
0,122296,140673,18377
1,185937,194377,8440
1,116423,139895,23472
1,20269,51838,31569
0,32960,71037,38077
0,69693,114906,45213
0,37500,49396,11896
1,189243,235627,46384
0,111000,111963,963
0,51373,65779,14406
1,126000,138299,12299
0,52180,62037,9857
0,26618,41027,14409
0,59585,73657,14072
1,35177,74025,38848
1,36914,75142,38228
0,66522,91733,25211
1,119966,131438,11472
0,22561,40317,17756
0,41332,59705,18373
1,78597,123460,44863
0,185000,203420,18420
0,79020,117343,38323
1,115619,140564,24945
1,36402,40705,4303
0,47226,65952,18726
0,130000,133297,3297
1,48007,92016,44009
0,129280,133277,3997
1,40800,88065,47265
1,28500,49240,20740
0,52956,71728,18772
1,25600,54404,28804
1,28750,77142,48392
1,19761,50874,31113
1,106481,128780,22299
1,34884,69489,34605
0,66503,95867,29364
0,66412,103022,36610
0,116847,131808,14961
1,90000,94919,4919
0,168000,207203,39203
1,160000,194243,34243
1,91000,136600,45600
0,161385,178300,16915
1,121000,163381,42381
0,32272,42879,10607
0,76016,80348,4332
0,67409,90358,22949
1,78472,111126,32654
1,53000,72931,19931
1,91000,129404,38404
0,104094,113334,9240
0,116684,130509,13825
1,87945,126271,38326
0,29181,44957,15776
1,102423,121341,18918
0,45850,50396,4546
0,89315,131427,42112
0,94960,122312,27352
1,72800,86555,13755
0,112168,130050,17882
1,57057,102918,45861
0,139244,148151,8907
1,19768,27691,7923
1,44945,67347,22402
0,90839,110873,20034
0,70695,106464,35769
1,79706,121851,42145
1,77664,93100,15436
0,35507,45399,9892
1,27076,48975,21899
0,52003,91427,39424
1,38132,70627,32495
0,85581,113465,27884
0,25439,46125,20686
1,74296,83655,9359
0,22626,43279,20653
0,52680,57436,4756
1,102000,135416,33416
1,106217,133258,27041
1,45222,73047,27825
0,153165,202415,49250
1,114300,147896,33596
0,126928,139404,12476
1,52000,79644,27644
1,55400,97944,42544
0,63865,93020,29155
0,30611,69631,39020
0,148129,188854,40725
0,34063,34496,433
0,33134,41602,8468
0,63305,97815,34510
1,51000,51980,980
0,40832,69479,28647
0,25534,74536,49002
1,28864,40619,11755
1,15024,53141,38117
0,192315,240134,47819
0,187081,187517,436
0,43017,75242,32225
1,76759,121761,45002
0,29491,42681,13190
0,66936,100091,33155
0,16312,37062,20750
1,92562,99465,6903
0,97724,117182,19458
0,64504,82194,17690
0,98173,104347,6174
0,170531,197470,26939
0,65024,107272,42248
0,93953,97319,3366
1,36000,45949,9949
0,43300,76549,33249
1,22159,32382,10223
1,10966,46108,35142
0,65630,78743,13113
1,173370,219625,46255
1,61081,101950,40869
0,52451,80401,27950
1,50580,77004,26424
0,130927,177057,46130
1,93652,138499,44847
0,47603,54319,6716
0,54151,98337,44186
0,105675,121281,15606
0,56033,100418,44385
0,66420,88751,22331
0,63717,83258,19541
1,128494,131924,3430
1,54475,65651,11176
0,57868,84253,26385
0,60001,68693,8692
0,56819,77098,20279
0,102334,118934,16600
0,128343,165643,37300
1,78598,82788,4190
0,57242,97621,40379
1,58265,81076,22811
0,121105,141012,19907
0,182837,216938,34101
0,44768,71906,27138
0,53347,78510,25163
0,111523,117701,6178
1,10778,25401,14623
1,31466,50132,18666
0,107052,128804,21752
0,16864,64843,47979
1,62012,105174,43162
1,67707,87133,19426
0,61872,66169,4297
1,42072,51720,9648
1,21506,61030,39524
0,49054,69077,20023
1,98569,108858,10289
0,143580,178537,34957
0,49846,73409,23563
0,111438,119623,8185
1,14909,18980,4071
1,110000,138834,28834
1,71031,106670,35639
0,41642,61172,19530
0,145000,178176,33176
0,50269,96867,46598
0,53119,74046,20927
1,51088,59366,8278
0,137792,145398,7606
1,54000,59890,5890
1,43077,77665,34588
1,66400,70679,4279
0,23184,30953,7769
0,33256,40484,7228
1,13386,17492,4106
0,33693,46998,13305
1,21523,45449,23926
0,149773,182901,33128
0,107779,140755,32976
0,53783,64517,10734
0,59069,101902,42833
0,16243,20966,4723
1,84519,127356,42837
1,35727,83438,47711
0,69972,77759,7787
0,36108,85778,49670
1,68350,103161,34811
0,56858,71382,14524
1,37494,59444,21950
0,28234,32522,4288
1,28261,68602,40341
0,12160,32961,20801
1,130000,142031,12031
0,126045,155141,29096
0,66106,111602,45496
1,10188,47343,37155
1,96263,120365,24102
0,138372,162378,24006
0,47856,48575,719
1,120000,157158,37158
0,24474,70299,45825
0,56944,98463,41519
0,54495,66282,11787
0,120551,165848,45297
0,54700,88306,33606
1,85000,120619,35619
1,73932,104994,31062
0,98443,115343,16900
1,89736,134937,45201
0,31749,49103,17354
1,100839,130720,29881
1,21491,70370,48879
1,32000,68845,36845
1,106451,121348,14897
1,142546,151003,8457
0,68033,101083,33050
0,78445,119060,40615
1,27158,39689,12531
1,19978,56664,36686
1,15136,54806,39670
0,18007,66362,48355
0,65125,94602,29477
1,140000,147475,7475
0,38825,57517,18692
0,182646,191095,8449
0,104031,116736,12705
0,79145,116842,37697
0,98891,116349,17458
0,52594,59727,7133
1,101107,148418,47311
1,195272,221425,26153
0,55089,96651,41562
0,81024,82824,1800
0,37916,61545,23629
1,11000,54199,43199
0,12322,31372,19050
1,51938,60088,8150
1,52225,72998,20773
1,44000,51518,7518
0,168290,176048,7758
1,141477,167244,25767
0,92169,112610,20441
1,49705,78587,28882
0,10831,33494,22663
0,19647,55962,36315
0,184078,228399,44321
1,42409,54025,11616
0,61550,85013,23463
0,197356,210181,12825
1,60158,98105,37947
0,165938,180525,14587
0,85725,87363,1638
0,83800,111915,28115
1,31879,67014,35135
0,132977,181768,48791
1,20000,35144,15144
0,92628,100015,7387
0,93737,124943,31206
0,25727,28302,2575
0,25243,60120,34877
1,13287,42805,29518
1,63746,110788,47042
1,20338,49146,28808
1,11000,33008,22008
1,13798,14747,949
1,46680,74494,27814
1,180000,186298,6298
1,190768,199609,8841
0,45068,66772,21704
0,100848,150228,49380
0,49957,57121,7164
0,110485,114375,3890
0,105280,117005,11725
0,60530,105979,45449
0,71430,96602,25172
0,87568,100399,12831
1,51016,72505,21489
0,61480,88884,27404
0,53141,93825,40684
0,112146,132757,20611
1,21000,34167,13167
0,20326,50314,29988
1,74794,116379,41585
1,89105,116513,27408
1,64675,70179,5504
1,70830,96233,25403
1,159676,164913,5237
1,109000,132711,23711
1,17071,31384,14313
1,16319,27889,11570
1,75214,124470,49256
0,54042,69066,15024
0,67996,77660,9664
1,73000,89699,16699
0,98841,144440,45599
1,116595,147108,30513
0,19876,46372,26496
0,43006,58530,15524
1,177369,206815,29446
1,49021,77155,28134
0,28967,58641,29674
0,24672,30932,6260
1,98609,127992,29383
0,22094,25576,3482
1,60844,95574,34730
0,22983,25373,2390
0,182757,224106,41349
0,138135,170940,32805
1,62000,71615,9615
0,19797,30169,10372
0,58431,88292,29861
1,100000,118069,18069
0,110176,131157,20981
0,122099,138702,16603
0,60298,86006,25708
1,42902,92354,49452
0,121854,150337,28483
0,101078,103239,2161
0,62391,93744,31353
1,36000,77744,41744
1,37100,72606,35506
0,26161,54018,27857
0,27837,48844,21007
1,26296,34530,8234
0,62295,71365,9070
0,17996,25999,8003
1,86500,112711,26211
1,15616,22222,6606
1,85000,131467,46467
1,61247,105924,44677
0,23385,37738,14353
1,14409,28017,13608
0,51181,89641,38460
0,111248,147201,35953
1,71000,102291,31291
0,164247,202156,37909
0,64603,70433,5830
1,40819,41612,793
0,23810,42247,18437
1,38769,43112,4343
0,109646,154978,45332
1,80000,106193,26193
1,64734,65030,296
1,18908,61463,42555
0,154817,195454,40637
0,96520,125677,29157
1,50653,89773,39120
0,76938,107945,31007
1,25160,46831,21671
0,141453,182441,40988
1,61000,85495,24495
0,27212,55359,28147
1,40062,83295,43233
0,115330,146241,30911
0,102750,114815,12065
0,11696,51496,39800
1,37000,40825,3825
1,107100,144860,37760
0,98930,145238,46308
1,98390,113512,15122
1,87000,103307,16307
1,128985,170726,41741
0,25360,40760,15400
0,85075,123455,38380
0,54223,56607,2384
0,92578,95292,2714
1,189299,225877,36578
0,64370,76899,12529
0,91678,137069,45391
0,15416,53917,38501
1,39891,61762,21871
0,66939,86991,20052
1,100000,102421,2421
1,84754,108654,23900
1,68312,107508,39196
0,89418,102252,12834
0,81120,126018,44898
1,37620,70673,33053
1,96000,124263,28263
1,22000,58679,36679
0,76601,86258,9657
1,23291,47603,24312
1,90689,122541,31852
1,21900,31638,9738
1,29205,35894,6689
0,170183,174782,4599
1,112821,142513,29692
0,35677,66693,31016
1,37000,69266,32266
1,10744,30334,19590
0,39948,63647,23699
0,57895,100111,42216
0,35084,62127,27043
0,49916,55985,6069
1,28600,31463,2863
1,91775,125091,33316
0,101143,110251,9108
1,21277,54002,32725
0,45268,85452,40184
0,129450,145317,15867
0,106243,133721,27478
0,151600,171929,20329
1,60746,96253,35507
0,15301,53807,38506
0,135260,181200,45940
1,88779,123286,34507
0,143885,149071,5186
1,46000,91161,45161
0,121024,165396,44372
0,123505,143009,19504
1,110366,118707,8341
0,100467,117836,17369
1,121739,152607,30868
0,59624,71545,11921
0,32050,33346,1296
1,20970,61552,40582
1,22606,56382,33776
0,30700,32916,2216
1,29884,35459,5575
1,22930,37888,14958
